140
Yersinia_pseudotuberculosis__GCF_000511675.1 0.0000000 2.2172715 0.0000010 2.2274030 2.2172715 2.2274030 2.2165999 2.2165999 2.2165999 2.2165999 2.2350797 0.0607025 2.2209584 2.2143315 2.2143315 0.1685999 2.2274030 2.2274030 0.0639955 0.0673822 0.0673822 0.0673822 0.0607025 2.2274030 2.2294996 2.2294996 0.0730510 0.0639134 0.0609593 2.2536731 0.0140344 0.0639134 0.0084025 2.2394405 2.2725897 2.2769897 2.2394405 0.0084025 0.0140344 0.0644546 0.0641898 0.0255183 0.0641898 2.2473050 0.0608150 0.0608150 2.2473050 0.0639955 0.0226142 0.0000010 2.2274030 2.2350797 0.0055694 0.1685999 0.0000010 0.0055694 2.2456116 0.0438269 0.0569576 0.0438269 0.0570137 0.0673822 2.2209584 2.2274030 0.0644546 2.2209584 2.2456116 0.0112388 2.2570159 2.2570159 2.2570159 2.2279856 2.2279856 2.2219030 2.2165999 2.2219030 0.0450349 2.2405978 2.2405978 0.0111963 0.0111963 0.0112388 0.0033227 0.0423079 2.2066655 0.0609593 0.0610275 0.0033227 0.0730510 2.2706135 0.0689041 0.0000010 3.1561134 2.2350797 2.2350797 2.2678432 2.1942818 2.2200517 3.1561134 2.1021872 0.0027791 0.0033418 2.2209584 0.0255183 0.0027855 0.0896132 0.0000010 0.0027855 0.0027906 0.0550867 2.2536731 2.3336484 2.2172540 0.0781214 0.0739715 0.0027932 2.2769897 2.2725897 2.2474087 2.2474087 0.0781214 0.0671025 2.2165999 2.2804650 0.0255317 0.0739715 2.2226425 2.2294996 0.0814143 2.2297552 2.2165999 0.0814143 2.2165999 2.2165999 2.2456741 2.2223907 0.0112473 2.2456741 2.2332252 0.0766818 
Yersinia_enterocolitica__GCF_001598735.1     2.2172715 0.0000000 2.2172715 0.0409922 0.0000010 0.0409922 0.0376703 0.0376703 0.0360418 0.0360418 0.0524897 2.3022271 0.0410475 0.0392830 0.0392830 2.7006689 0.0426160 0.0426160 2.2693597 2.2732361 2.2724116 2.2724116 2.3022271 0.0426070 0.0392830 0.0392830 2.5026189 2.2821009 2.3158067 0.0409860 2.2162369 2.2821009 2.1975989 0.0393558 0.1164483 0.1225765 0.0393558 2.1975989 2.2162369 2.2771359 2.2866949 2.2401451 2.2866949 0.1135541 2.2768999 2.2768999 0.1135541 2.2693597 2.2279623 2.3031737 0.0426070 0.0524897 2.2284257 2.7006689 2.3031737 2.2284257 0.0498239 2.2242062 2.2976734 2.2242062 2.2642860 2.2732361 0.0410475 0.0426687 2.2771359 0.0428465 0.0498239 2.1979783 0.0476900 0.0460598 0.0460598 0.0392619 0.0392619 0.0409490 0.0393051 0.0409490 2.4705754 0.0376288 0.0376288 2.2182064 2.2182064 2.1979783 2.2861535 2.3973344 0.0427765 2.3158067 2.2814086 2.2861535 2.5026189 0.1157218 2.4523424 2.3141348 2.4140826 0.0542011 0.0542011 0.0400393 0.0383210 0.0542700 2.4140826 2.1242209 2.2082012 2.3112879 0.0428465 2.2401451 2.2336700 2.4018288 2.2595050 2.2336700 2.1971772 2.3690350 0.0409860 0.0344577 0.0393017 2.3414489 2.4517573 2.2403680 0.1225765 0.1164483 0.0426929 0.0426929 2.3414489 2.2683992 0.0392830 0.0570340 2.2444529 2.4517573 0.0425884 0.0393038 2.4377839 0.0427784 0.0393051 2.4377839 0.0392577 0.0392577 0.0417136 0.0392577 2.2018218 0.0417136 0.0393190 2.4540076 
Yersinia_pseudotuberculosis__GCF_030294965.1 0.0000010 2.2172715 0.0000000 2.2274030 2.2172715 2.2274030 2.2165999 2.2165999 2.2165999 2.2165999 2.2350797 0.0607025 2.2209584 2.2143315 2.2143315 0.1685999 2.2274030 2.2274030 0.0639955 0.0673822 0.0673822 0.0673822 0.0607025 2.2274030 2.2294996 2.2294996 0.0730510 0.0639134 0.0609593 2.2536731 0.0140344 0.0639134 0.0084025 2.2394405 2.2725897 2.2769897 2.2394405 0.0084025 0.0140344 0.0644546 0.0641898 0.0255183 0.0641898 2.2473050 0.0608150 0.0608150 2.2473050 0.0639955 0.0226142 0.0000010 2.2274030 2.2350797 0.0055694 0.1685999 0.0000010 0.0055694 2.2456116 0.0438269 0.0569576 0.0438269 0.0570137 0.0673822 2.2209584 2.2274030 0.0644546 2.2209584 2.2456116 0.0112388 2.2570159 2.2570159 2.2570159 2.2279856 2.2279856 2.2219030 2.2165999 2.2219030 0.0450349 2.2405978 2.2405978 0.0111963 0.0111963 0.0112388 0.0033227 0.0423079 2.2066655 0.0609593 0.0610275 0.0033227 0.0730510 2.2706135 0.0689041 0.0000010 3.1561134 2.2350797 2.2350797 2.2678432 2.1942818 2.2200517 3.1561134 2.1021872 0.0027791 0.0033418 2.2209584 0.0255183 0.0027855 0.0896132 0.0000010 0.0027855 0.0027906 0.0550867 2.2536731 2.3336484 2.2172540 0.0781214 0.0739715 0.0027932 2.2769897 2.2725897 2.2474087 2.2474087 0.0781214 0.0671025 2.2165999 2.2804650 0.0255317 0.0739715 2.2226425 2.2294996 0.0814143 2.2297552 2.2165999 0.0814143 2.2165999 2.2165999 2.2456741 2.2223907 0.0112473 2.2456741 2.2332252 0.0766818 
Yersinia_enterocolitica__GCA_029890075.1     2.2274030 0.0409922 2.2274030 0.0000000 0.0409922 0.0000010 0.0060167 0.0060167 0.0045049 0.0045049 0.0215712 2.3067488 0.0121165 0.0075294 0.0075294 2.6889263 0.0014930 0.0014930 2.2794022 2.2832651 2.2824478 2.2824478 2.3067488 0.0014928 0.0075294 0.0075294 2.5131208 2.2920417 2.3047313 0.0090638 2.2263681 2.2920417 2.2078761 0.0075422 0.1065351 0.1162094 0.0075422 2.2078761 2.2263681 2.2871581 2.2913355 2.2501123 2.2913355 0.1107585 2.2868519 2.2868519 0.1107585 2.2794022 2.2380417 2.2916817 0.0014928 0.0215712 2.2384610 2.6889263 2.2916817 2.2384610 0.0076108 2.2344969 2.2992288 2.2344969 2.2748732 2.2832651 0.0121165 0.0014951 2.2871581 0.0152043 0.0076108 2.2082585 0.0151633 0.0136352 0.0136352 0.0075256 0.0075256 0.0029975 0.0075349 0.0029975 2.4903644 0.0105789 0.0105789 2.2283164 2.2283164 2.2082585 2.2754938 2.3985729 0.0121289 2.3047313 2.2913411 2.2754938 2.5131208 0.1129089 2.4682702 2.3027537 2.4599700 0.0231618 0.0231618 0.0230431 0.0206095 0.0231911 2.4599700 2.1300993 2.2184572 2.3003058 0.0152043 2.2501123 2.2437328 2.4007350 2.2556900 2.2437328 2.2074017 2.3566521 0.0090638 0.0313752 0.0075343 2.3457204 2.4675281 2.2504254 0.1162094 0.1065351 0.0014959 0.0014959 2.3457204 2.2784468 0.0075294 0.0202079 2.2544623 2.4675281 0.0014921 0.0075346 2.4302637 0.0014991 0.0075349 2.4302637 0.0075248 0.0075248 0.0014935 0.0075248 2.2120897 0.0014935 0.0075374 2.4466853 
Yersinia_enterocolitica__GCA_050445005.1     2.2172715 0.0000010 2.2172715 0.0409922 0.0000000 0.0409922 0.0376703 0.0376703 0.0360418 0.0360418 0.0524897 2.3022271 0.0410475 0.0392830 0.0392830 2.7006689 0.0426160 0.0426160 2.2693597 2.2732361 2.2724116 2.2724116 2.3022271 0.0426070 0.0392830 0.0392830 2.5026189 2.2821009 2.3158067 0.0409860 2.2162369 2.2821009 2.1975989 0.0393558 0.1164483 0.1225765 0.0393558 2.1975989 2.2162369 2.2771359 2.2866949 2.2401451 2.2866949 0.1135541 2.2768999 2.2768999 0.1135541 2.2693597 2.2279623 2.3031737 0.0426070 0.0524897 2.2284257 2.7006689 2.3031737 2.2284257 0.0498239 2.2242062 2.2976734 2.2242062 2.2642860 2.2732361 0.0410475 0.0426687 2.2771359 0.0428465 0.0498239 2.1979783 0.0476900 0.0460598 0.0460598 0.0392619 0.0392619 0.0409490 0.0393051 0.0409490 2.4705754 0.0376288 0.0376288 2.2182064 2.2182064 2.1979783 2.2861535 2.3973344 0.0427765 2.3158067 2.2814086 2.2861535 2.5026189 0.1157218 2.4523424 2.3141348 2.4140826 0.0542011 0.0542011 0.0400393 0.0383210 0.0542700 2.4140826 2.1242209 2.2082012 2.3112879 0.0428465 2.2401451 2.2336700 2.4018288 2.2595050 2.2336700 2.1971772 2.3690350 0.0409860 0.0344577 0.0393017 2.3414489 2.4517573 2.2403680 0.1225765 0.1164483 0.0426929 0.0426929 2.3414489 2.2683992 0.0392830 0.0570340 2.2444529 2.4517573 0.0425884 0.0393038 2.4377839 0.0427784 0.0393051 2.4377839 0.0392577 0.0392577 0.0417136 0.0392577 2.2018218 0.0417136 0.0393190 2.4540076 
Yersinia_enterocolitica__GCA_050442745.1     2.2274030 0.0409922 2.2274030 0.0000010 0.0409922 0.0000000 0.0060167 0.0060167 0.0045049 0.0045049 0.0215712 2.3067488 0.0121165 0.0075294 0.0075294 2.6889263 0.0014930 0.0014930 2.2794022 2.2832651 2.2824478 2.2824478 2.3067488 0.0014928 0.0075294 0.0075294 2.5131208 2.2920417 2.3047313 0.0090638 2.2263681 2.2920417 2.2078761 0.0075422 0.1065351 0.1162094 0.0075422 2.2078761 2.2263681 2.2871581 2.2913355 2.2501123 2.2913355 0.1107585 2.2868519 2.2868519 0.1107585 2.2794022 2.2380417 2.2916817 0.0014928 0.0215712 2.2384610 2.6889263 2.2916817 2.2384610 0.0076108 2.2344969 2.2992288 2.2344969 2.2748732 2.2832651 0.0121165 0.0014951 2.2871581 0.0152043 0.0076108 2.2082585 0.0151633 0.0136352 0.0136352 0.0075256 0.0075256 0.0029975 0.0075349 0.0029975 2.4903644 0.0105789 0.0105789 2.2283164 2.2283164 2.2082585 2.2754938 2.3985729 0.0121289 2.3047313 2.2913411 2.2754938 2.5131208 0.1129089 2.4682702 2.3027537 2.4599700 0.0231618 0.0231618 0.0230431 0.0206095 0.0231911 2.4599700 2.1300993 2.2184572 2.3003058 0.0152043 2.2501123 2.2437328 2.4007350 2.2556900 2.2437328 2.2074017 2.3566521 0.0090638 0.0313752 0.0075343 2.3457204 2.4675281 2.2504254 0.1162094 0.1065351 0.0014959 0.0014959 2.3457204 2.2784468 0.0075294 0.0202079 2.2544623 2.4675281 0.0014921 0.0075346 2.4302637 0.0014991 0.0075349 2.4302637 0.0075248 0.0075248 0.0014935 0.0075248 2.2120897 0.0014935 0.0075374 2.4466853 
Yersinia_enterocolitica__GCA_050442725.1     2.2165999 0.0376703 2.2165999 0.0060167 0.0376703 0.0060167 0.0000000 0.0000010 0.0014948 0.0014948 0.0247082 2.3006014 0.0090463 0.0014937 0.0014937 2.6762803 0.0075294 0.0075294 2.2680940 2.2719257 2.2711101 2.2711101 2.3006014 0.0075284 0.0044964 0.0044964 2.5008349 2.2806966 2.2913233 0.0060141 2.2155770 2.2806966 2.1971385 0.0045041 0.1066972 0.1163877 0.0045041 2.1971385 2.2155770 2.2757798 2.2852403 2.2392283 2.2852403 0.1109281 2.2755562 2.2755562 0.1109281 2.2680940 2.2271741 2.2776517 0.0075284 0.0247082 2.2276356 2.6762803 2.2776517 2.2276356 0.0138143 2.2234450 2.2960919 2.2234450 2.2630163 2.2719257 0.0090463 0.0075398 2.2757798 0.0090505 0.0138143 2.1975136 0.0182425 0.0167079 0.0167079 0.0044942 0.0044942 0.0060108 0.0014948 0.0060108 2.4686890 0.0075222 0.0075222 2.2175258 2.2175258 2.1975136 2.2623116 2.3816816 0.0090553 2.2913233 2.2800137 2.2623116 2.5008349 0.1130824 2.4570137 2.2889633 2.4496624 0.0263088 0.0263088 0.0297855 0.0276348 0.0263420 2.4496624 2.1068207 2.2076238 2.2869683 0.0090505 2.2392283 2.2328184 2.3882674 2.2445870 2.2328184 2.1967238 2.3422022 0.0060141 0.0185456 0.0014947 2.3393665 2.4563864 2.2394405 0.1163877 0.1066972 0.0075440 0.0075440 2.3393665 2.2671443 0.0014937 0.0233728 2.2434829 2.4563864 0.0075248 0.0014948 2.4196424 0.0075601 0.0014948 2.4196424 0.0014928 0.0014928 0.0075320 0.0014928 2.2013150 0.0075320 0.0014953 2.4363934 
Yersinia_enterocolitica__GCA_050440805.1     2.2165999 0.0376703 2.2165999 0.0060167 0.0376703 0.0060167 0.0000010 0.0000000 0.0014948 0.0014948 0.0247082 2.3006014 0.0090463 0.0014937 0.0014937 2.6762803 0.0075294 0.0075294 2.2680940 2.2719257 2.2711101 2.2711101 2.3006014 0.0075284 0.0044964 0.0044964 2.5008349 2.2806966 2.2913233 0.0060141 2.2155770 2.2806966 2.1971385 0.0045041 0.1066972 0.1163877 0.0045041 2.1971385 2.2155770 2.2757798 2.2852403 2.2392283 2.2852403 0.1109281 2.2755562 2.2755562 0.1109281 2.2680940 2.2271741 2.2776517 0.0075284 0.0247082 2.2276356 2.6762803 2.2776517 2.2276356 0.0138143 2.2234450 2.2960919 2.2234450 2.2630163 2.2719257 0.0090463 0.0075398 2.2757798 0.0090505 0.0138143 2.1975136 0.0182425 0.0167079 0.0167079 0.0044942 0.0044942 0.0060108 0.0014948 0.0060108 2.4686890 0.0075222 0.0075222 2.2175258 2.2175258 2.1975136 2.2623116 2.3816816 0.0090553 2.2913233 2.2800137 2.2623116 2.5008349 0.1130824 2.4570137 2.2889633 2.4496624 0.0263088 0.0263088 0.0297855 0.0276348 0.0263420 2.4496624 2.1068207 2.2076238 2.2869683 0.0090505 2.2392283 2.2328184 2.3882674 2.2445870 2.2328184 2.1967238 2.3422022 0.0060141 0.0185456 0.0014947 2.3393665 2.4563864 2.2394405 0.1163877 0.1066972 0.0075440 0.0075440 2.3393665 2.2671443 0.0014937 0.0233728 2.2434829 2.4563864 0.0075248 0.0014948 2.4196424 0.0075601 0.0014948 2.4196424 0.0014928 0.0014928 0.0075320 0.0014928 2.2013150 0.0075320 0.0014953 2.4363934 
Yersinia_enterocolitica__GCA_050442645.1     2.2165999 0.0360418 2.2165999 0.0045049 0.0360418 0.0045049 0.0014948 0.0014948 0.0000000 0.0000010 0.0231288 2.3006014 0.0075258 0.0029925 0.0029925 2.6762803 0.0060124 0.0060124 2.2680940 2.2719257 2.2711101 2.2711101 2.3006014 0.0060116 0.0029925 0.0029925 2.5008349 2.2806966 2.2913233 0.0045029 2.2155770 2.2806966 2.1971385 0.0029976 0.1047992 0.1144632 0.0029976 2.1971385 2.2155770 2.2757798 2.2852403 2.2392283 2.2852403 0.1090129 2.2755562 2.2755562 0.1090129 2.2680940 2.2271741 2.2776517 0.0060116 0.0231288 2.2276356 2.6762803 2.2776517 2.2276356 0.0122593 2.2234450 2.2960919 2.2234450 2.2630163 2.2719257 0.0075258 0.0060208 2.2757798 0.0105771 0.0122593 2.1975136 0.0166946 0.0151638 0.0151638 0.0029910 0.0029910 0.0045005 0.0029948 0.0045005 2.4686890 0.0060067 0.0060067 2.2175258 2.2175258 2.1975136 2.2623116 2.3816816 0.0075333 2.2913233 2.2800137 2.2623116 2.5008349 0.1111587 2.4570137 2.2889633 2.4505894 0.0247237 0.0247237 0.0263833 0.0240918 0.0247550 2.4505894 2.1081794 2.2076238 2.2869683 0.0105771 2.2392283 2.2328184 2.3882674 2.2445870 2.2328184 2.1967238 2.3422022 0.0045029 0.0217063 0.0029945 2.3393665 2.4563864 2.2394405 0.1144632 0.1047992 0.0060241 0.0060241 2.3393665 2.2671443 0.0029925 0.0217799 2.2434829 2.4563864 0.0060087 0.0029947 2.4196424 0.0060371 0.0029948 2.4196424 0.0029907 0.0029907 0.0060145 0.0029907 2.2013150 0.0060145 0.0029958 2.4363934 
Yersinia_enterocolitica__GCA_050440385.1     2.2165999 0.0360418 2.2165999 0.0045049 0.0360418 0.0045049 0.0014948 0.0014948 0.0000010 0.0000000 0.0231288 2.3006014 0.0075258 0.0029925 0.0029925 2.6762803 0.0060124 0.0060124 2.2680940 2.2719257 2.2711101 2.2711101 2.3006014 0.0060116 0.0029925 0.0029925 2.5008349 2.2806966 2.2913233 0.0045029 2.2155770 2.2806966 2.1971385 0.0029976 0.1047992 0.1144632 0.0029976 2.1971385 2.2155770 2.2757798 2.2852403 2.2392283 2.2852403 0.1090129 2.2755562 2.2755562 0.1090129 2.2680940 2.2271741 2.2776517 0.0060116 0.0231288 2.2276356 2.6762803 2.2776517 2.2276356 0.0122593 2.2234450 2.2960919 2.2234450 2.2630163 2.2719257 0.0075258 0.0060208 2.2757798 0.0105771 0.0122593 2.1975136 0.0166946 0.0151638 0.0151638 0.0029910 0.0029910 0.0045005 0.0029948 0.0045005 2.4686890 0.0060067 0.0060067 2.2175258 2.2175258 2.1975136 2.2623116 2.3816816 0.0075333 2.2913233 2.2800137 2.2623116 2.5008349 0.1111587 2.4570137 2.2889633 2.4505894 0.0247237 0.0247237 0.0263833 0.0240918 0.0247550 2.4505894 2.1081794 2.2076238 2.2869683 0.0105771 2.2392283 2.2328184 2.3882674 2.2445870 2.2328184 2.1967238 2.3422022 0.0045029 0.0217063 0.0029945 2.3393665 2.4563864 2.2394405 0.1144632 0.1047992 0.0060241 0.0060241 2.3393665 2.2671443 0.0029925 0.0217799 2.2434829 2.4563864 0.0060087 0.0029947 2.4196424 0.0060371 0.0029948 2.4196424 0.0029907 0.0029907 0.0060145 0.0029907 2.2013150 0.0060145 0.0029958 2.4363934 
Yersinia_pseudotuberculosis__GCF_900460735.1 2.2350797 0.0524897 2.2350797 0.0215712 0.0524897 0.0215712 0.0247082 0.0247082 0.0231288 0.0231288 0.0000000 2.3152795 0.0310794 0.0262765 0.0262765 2.6953157 0.0231329 0.0231329 2.2877199 2.2916265 2.2908036 2.2908036 2.3152795 0.0231291 0.0199895 0.0199895 2.5216286 2.3004537 2.3147749 0.0200205 2.2340308 2.3004537 2.2398011 0.0231768 0.1186639 0.1285430 0.0231768 2.2398011 2.2340308 2.2955692 2.2997362 2.2579640 2.2997362 0.1221449 2.2951996 2.2951996 0.1221449 2.2877199 2.2458195 2.3021139 0.0231291 0.0000010 2.2462104 2.6953157 2.3021139 2.2462104 0.0249308 2.2423902 2.3161122 2.2423902 2.2835743 2.2916265 0.0310794 0.0231635 2.2955692 0.0310964 0.0249308 2.2402029 0.0184543 0.0169045 0.0169045 0.0231017 0.0231017 0.0184141 0.0231288 0.0184141 2.4990151 0.0213447 0.0213447 2.2359888 2.2359888 2.2402029 2.3141833 2.3828036 0.0311146 2.3147749 2.2997362 2.3141833 2.5216286 0.1243489 2.4702910 2.3130756 2.4145479 0.0014942 0.0014942 0.0000010 0.0000010 0.0014961 2.4145479 2.1077524 2.2261097 2.3102686 0.0310964 2.2579640 2.2515743 2.4106098 2.2637305 2.2515743 2.2148863 2.3678361 0.0200205 0.0476099 0.0262908 2.3546884 2.4695276 2.2583532 0.1285430 0.1186639 0.0231766 0.0231766 2.3546884 2.2867550 0.0262765 0.0315948 2.2624066 2.4695276 0.0231183 0.0262922 2.4126421 0.0232248 0.0231288 2.4126421 0.0262598 0.0262598 0.0220577 0.0262598 2.2440956 0.0220577 0.0231126 2.4576711 
Yersinia_rochesterensis__GCF_946902935.1     0.0607025 2.3022271 0.0607025 2.3067488 2.3022271 2.3067488 2.3006014 2.3006014 2.3006014 2.3006014 2.3152795 0.0000000 2.3051293 2.2980833 2.2980833 0.1348155 2.3067488 2.3067488 0.0083782 0.0112351 0.0168809 0.0168809 0.0000010 2.3067488 2.3138001 2.3138001 0.0411984 0.0083649 0.0099676 2.3393213 0.0639831 0.0083649 0.0641742 2.3249055 2.3618201 2.3663967 2.3249055 0.0641742 0.0639831 0.0169996 0.0083970 0.0769230 0.0083970 2.3362397 0.0111641 0.0111641 2.3362397 0.0083782 0.0736376 0.0601110 2.3067488 2.3152795 0.0669992 0.1348155 0.0601110 0.0669992 2.3090533 0.0705765 0.0585318 0.0705765 0.0088262 0.0112351 2.3051293 2.3067488 0.0169996 2.3051293 2.3090533 0.0674220 2.3380458 2.3380458 2.3380458 2.3120960 2.3120960 2.3008842 2.3006014 2.3008842 0.0504022 2.3255110 2.3255110 0.0669617 0.0669617 0.0674220 0.0611551 0.0951262 2.2897664 0.0099676 0.0112098 0.0611551 0.0411984 2.3611479 0.0388803 0.0591370 3.2736923 2.3152795 2.3152795 2.3108576 2.2456369 2.2991501 3.2736923 2.1555764 0.0575646 0.0614672 2.3051293 0.0769230 0.0639557 0.0572842 0.0596976 0.0639557 0.0640797 0.0798798 2.3393213 2.3838908 2.3012722 0.0235308 0.0382963 0.0641552 2.3663967 2.3618201 2.3279097 2.3279097 0.0235308 0.0111744 2.3006014 2.3619629 0.0769714 0.0382963 2.3017801 2.3138001 0.0370543 2.3091390 2.3006014 0.0370543 2.3006014 2.3006014 2.3259645 2.3061219 0.0675007 2.3259645 2.3178828 0.0349748 
Yersinia_enterocolitica__GCA_028834205.1     2.2209584 0.0410475 2.2209584 0.0121165 0.0410475 0.0121165 0.0090463 0.0090463 0.0075258 0.0075258 0.0310794 2.3051293 0.0000000 0.0105645 0.0105645 2.6843808 0.0136448 0.0136448 2.2726063 2.2764468 2.2756313 2.2756313 2.3051293 0.0136429 0.0105645 0.0105645 2.5092053 2.2852117 2.2966443 0.0121120 2.2199316 2.2852117 2.2014887 0.0105828 0.1144632 0.1046781 0.0105828 2.2014887 2.2199316 2.2803127 2.2897570 2.2435984 2.2897570 0.1144739 2.2800565 2.2800565 0.1144739 2.2726063 2.2315488 2.2832342 0.0136429 0.0310794 2.2319929 2.6843808 2.2832342 2.2319929 0.0200857 2.2278970 2.3006334 2.2278970 2.2677519 2.2764468 0.0000010 0.0136633 2.2803127 0.0121386 0.0200857 2.2018664 0.0244878 0.0229373 0.0229373 0.0105593 0.0105593 0.0121045 0.0105721 0.0121045 2.4769687 0.0136317 0.0136317 2.2218784 2.2218784 2.2018664 2.2675750 2.3882555 0.0151953 2.2966443 2.2845224 2.2675750 2.5092053 0.1166428 2.4648097 2.2944381 2.4409135 0.0327036 0.0327036 0.0436548 0.0420861 0.0327450 2.4409135 2.0829220 2.2120028 2.2922661 0.0121386 2.2435984 2.2372065 2.3931192 2.2490398 2.2372065 2.2010503 2.3478746 0.0121120 0.0378123 0.0105712 2.3439760 2.4641050 2.2438506 0.1046781 0.1144632 0.0136710 0.0136710 2.3439760 2.2716553 0.0105645 0.0297998 2.2478872 2.4641050 0.0136364 0.0105718 2.4271029 0.0136999 0.0105721 2.4271029 0.0105581 0.0105581 0.0136495 0.0105581 2.2056762 0.0136495 0.0105756 2.4435785 
Yersinia_enterocolitica__GCA_028844065.1     2.2143315 0.0392830 2.2143315 0.0075294 0.0392830 0.0075294 0.0014937 0.0014937 0.0029925 0.0029925 0.0262765 2.2980833 0.0105645 0.0000000 0.0000010 2.6762803 0.0090442 0.0090442 2.2656481 2.2694677 2.2686537 2.2686537 2.2980833 0.0090430 0.0060011 0.0060011 2.5008349 2.2782247 2.2883873 0.0075263 2.2133124 2.2782247 2.1949089 0.0060113 0.1047904 0.1144486 0.0060113 2.1949089 2.2133124 2.2733079 2.2827587 2.2369128 2.2827587 0.1128312 2.2731024 2.2731024 0.1128312 2.2656481 2.2248782 2.2746051 0.0090430 0.0262765 2.2253480 2.6762803 2.2746051 2.2253480 0.0153639 2.2211155 2.2935752 2.2211155 2.2604601 2.2694677 0.0105645 0.0090567 2.2733079 0.0105695 0.0153639 2.1952820 0.0197829 0.0182453 0.0182453 0.0059981 0.0059981 0.0075220 0.0029925 0.0075220 2.4686890 0.0090356 0.0090356 2.2152587 2.2152587 2.1952820 2.2594731 2.3816816 0.0105752 2.2883873 2.2775467 2.2594731 2.5008349 0.1149948 2.4570137 2.2859484 2.4543393 0.0278820 0.0278820 0.0297855 0.0276348 0.0279172 2.4543393 2.1068207 2.2053608 2.2840551 0.0105695 2.2369128 2.2305051 2.3853769 2.2422177 2.2305051 2.1945071 2.3389450 0.0075263 0.0185456 0.0029923 2.3367236 2.4563864 2.2371034 0.1144486 0.1047904 0.0090617 0.0090617 2.3367236 2.2647010 0.0029902 0.0249553 2.2411415 2.4563864 0.0090387 0.0029924 2.4196424 0.0090810 0.0029925 2.4196424 0.0029884 0.0029884 0.0090474 0.0029884 2.1990723 0.0090474 0.0029935 2.4363934 
Yersinia_enterocolitica__GCA_028843905.1     2.2143315 0.0392830 2.2143315 0.0075294 0.0392830 0.0075294 0.0014937 0.0014937 0.0029925 0.0029925 0.0262765 2.2980833 0.0105645 0.0000010 0.0000000 2.6762803 0.0090442 0.0090442 2.2656481 2.2694677 2.2686537 2.2686537 2.2980833 0.0090430 0.0060011 0.0060011 2.5008349 2.2782247 2.2883873 0.0075263 2.2133124 2.2782247 2.1949089 0.0060113 0.1047904 0.1144486 0.0060113 2.1949089 2.2133124 2.2733079 2.2827587 2.2369128 2.2827587 0.1128312 2.2731024 2.2731024 0.1128312 2.2656481 2.2248782 2.2746051 0.0090430 0.0262765 2.2253480 2.6762803 2.2746051 2.2253480 0.0153639 2.2211155 2.2935752 2.2211155 2.2604601 2.2694677 0.0105645 0.0090567 2.2733079 0.0105695 0.0153639 2.1952820 0.0197829 0.0182453 0.0182453 0.0059981 0.0059981 0.0075220 0.0029925 0.0075220 2.4686890 0.0090356 0.0090356 2.2152587 2.2152587 2.1952820 2.2594731 2.3816816 0.0105752 2.2883873 2.2775467 2.2594731 2.5008349 0.1149948 2.4570137 2.2859484 2.4543393 0.0278820 0.0278820 0.0297855 0.0276348 0.0279172 2.4543393 2.1068207 2.2053608 2.2840551 0.0105695 2.2369128 2.2305051 2.3853769 2.2422177 2.2305051 2.1945071 2.3389450 0.0075263 0.0185456 0.0029923 2.3367236 2.4563864 2.2371034 0.1144486 0.1047904 0.0090617 0.0090617 2.3367236 2.2647010 0.0029902 0.0249553 2.2411415 2.4563864 0.0090387 0.0029924 2.4196424 0.0090810 0.0029925 2.4196424 0.0029884 0.0029884 0.0090474 0.0029884 2.1990723 0.0090474 0.0029935 2.4363934 
Yersinia_enterocolitica__GCA_963861545.1     0.1685999 2.7006689 0.1685999 2.6889263 2.7006689 2.6889263 2.6762803 2.6762803 2.6762803 2.6762803 2.6953157 0.1348155 2.6843808 2.6762803 2.6762803 0.0000000 2.6889263 2.6889263 0.1403936 0.1402587 0.1402587 0.1402587 0.1348155 2.6889263 2.6982590 2.6982590 0.0046999 0.1345893 0.1345893 2.6982590 0.1566887 0.1345893 0.1683427 2.7256318 2.6909010 2.6990693 2.7256318 0.1683427 0.1566887 0.1402587 0.1346835 0.1625144 0.1346835 2.7291611 0.1345893 0.1345893 2.7291611 0.1403936 0.1566326 0.1570692 2.6889263 2.6953157 0.1619104 0.0000010 0.1570692 0.1619104 2.6869635 0.1622284 0.1252864 0.1622284 0.1345893 0.1402587 2.6843808 2.6889263 0.1402587 2.6843808 2.6869635 0.1683427 2.7224381 2.7224381 2.7224381 2.6940232 2.6940232 2.6770346 2.6762803 2.6770346 0.0336530 2.6982590 2.6982590 0.1626001 0.1626001 0.1683427 0.1683427 0.1455340 2.6524150 0.1345893 0.1402587 0.1683427 0.0046999 2.7291611 0.0335244 0.1570692 2.7221588 2.6953157 2.6953157 2.4169677 2.3535468 2.6624476 2.7221588 2.4557924 0.1744235 0.1685999 2.6843808 0.1625144 0.1747178 0.1244118 0.1685999 0.1747178 0.1685999 0.1554972 2.6982590 2.4448875 2.6778802 0.0852488 0.0383386 0.1756168 2.6990693 2.6909010 2.7313026 2.7313026 0.0852488 0.1403441 2.6762803 2.7899344 0.1566326 0.0383386 2.6797669 2.6982590 0.0521607 2.6889263 2.6762803 0.0521607 2.6762803 2.6762803 2.6889263 2.6823783 0.1683427 2.6889263 2.6762803 0.0747742 
Yersinia_enterocolitica__GCA_963868655.1     2.2274030 0.0426160 2.2274030 0.0014930 0.0426160 0.0014930 0.0075294 0.0075294 0.0060124 0.0060124 0.0231329 2.3067488 0.0136448 0.0090442 0.0090442 2.6889263 0.0000000 0.0000010 2.2794022 2.2832651 2.2824478 2.2824478 2.3067488 0.0029885 0.0090442 0.0090442 2.5131208 2.2920417 2.3047313 0.0105850 2.2263681 2.2920417 2.2078761 0.0090597 0.1084162 0.1181211 0.0090597 2.2078761 2.2263681 2.2871581 2.2913355 2.2501123 2.2913355 0.1126584 2.2868519 2.2868519 0.1126584 2.2794022 2.2380417 2.2916817 0.0029885 0.0231329 2.2384610 2.6889263 2.2916817 2.2384610 0.0091426 2.2344969 2.2992288 2.2344969 2.2748732 2.2832651 0.0136448 0.0029930 2.2871581 0.0167418 0.0091426 2.2082585 0.0166966 0.0151655 0.0151655 0.0090397 0.0090397 0.0045006 0.0090508 0.0045006 2.4903644 0.0121022 0.0121022 2.2283164 2.2283164 2.2082585 2.2754938 2.3985729 0.0136589 2.3047313 2.2913411 2.2754938 2.5131208 0.1148181 2.4682702 2.3027537 2.4599700 0.0247284 0.0247284 0.0263948 0.0241018 0.0247597 2.4599700 2.1300993 2.2184572 2.3003058 0.0167418 2.2501123 2.2437328 2.4007350 2.2556900 2.2437328 2.2074017 2.3566521 0.0105850 0.0345802 0.0090500 2.3457204 2.4675281 2.2504254 0.1181211 0.1084162 0.0029947 0.0029947 2.3457204 2.2784468 0.0090442 0.0217835 2.2544623 2.4675281 0.0029870 0.0090505 2.4302637 0.0030012 0.0090508 2.4302637 0.0090387 0.0090387 0.0029899 0.0090387 2.2120897 0.0029899 0.0090538 2.4466853 
Yersinia_enterocolitica__GCA_963899145.1     2.2274030 0.0426160 2.2274030 0.0014930 0.0426160 0.0014930 0.0075294 0.0075294 0.0060124 0.0060124 0.0231329 2.3067488 0.0136448 0.0090442 0.0090442 2.6889263 0.0000010 0.0000000 2.2794022 2.2832651 2.2824478 2.2824478 2.3067488 0.0029885 0.0090442 0.0090442 2.5131208 2.2920417 2.3047313 0.0105850 2.2263681 2.2920417 2.2078761 0.0090597 0.1084162 0.1181211 0.0090597 2.2078761 2.2263681 2.2871581 2.2913355 2.2501123 2.2913355 0.1126584 2.2868519 2.2868519 0.1126584 2.2794022 2.2380417 2.2916817 0.0029885 0.0231329 2.2384610 2.6889263 2.2916817 2.2384610 0.0091426 2.2344969 2.2992288 2.2344969 2.2748732 2.2832651 0.0136448 0.0029930 2.2871581 0.0167418 0.0091426 2.2082585 0.0166966 0.0151655 0.0151655 0.0090397 0.0090397 0.0045006 0.0090508 0.0045006 2.4903644 0.0121022 0.0121022 2.2283164 2.2283164 2.2082585 2.2754938 2.3985729 0.0136589 2.3047313 2.2913411 2.2754938 2.5131208 0.1148181 2.4682702 2.3027537 2.4599700 0.0247284 0.0247284 0.0263948 0.0241018 0.0247597 2.4599700 2.1300993 2.2184572 2.3003058 0.0167418 2.2501123 2.2437328 2.4007350 2.2556900 2.2437328 2.2074017 2.3566521 0.0105850 0.0345802 0.0090500 2.3457204 2.4675281 2.2504254 0.1181211 0.1084162 0.0029947 0.0029947 2.3457204 2.2784468 0.0090442 0.0217835 2.2544623 2.4675281 0.0029870 0.0090505 2.4302637 0.0030012 0.0090508 2.4302637 0.0090387 0.0090387 0.0029899 0.0090387 2.2120897 0.0029899 0.0090538 2.4466853 
Yersinia_pekkanenii__GCF_963868735.1         0.0639955 2.2693597 0.0639955 2.2794022 2.2693597 2.2794022 2.2680940 2.2680940 2.2680940 2.2680940 2.2877199 0.0083782 2.2726063 2.2656481 2.2656481 0.1403936 2.2794022 2.2794022 0.0000000 0.0027862 0.0083722 0.0083722 0.0083782 2.2794022 2.2813250 2.2813250 0.0464283 0.0055666 0.0066315 2.3066031 0.0673004 0.0055666 0.0674974 2.2920905 2.3291719 2.3337355 2.2920905 0.0674974 0.0673004 0.0084309 0.0112098 0.0803141 0.0112098 2.3034014 0.0083580 0.0083580 2.3034014 0.0000010 0.0770101 0.0641912 2.2794022 2.2877199 0.0703256 0.1403936 0.0641912 0.0703256 2.2819284 0.0739340 0.0618561 0.0739340 0.0058733 0.0027862 2.2726063 2.2794022 0.0084309 2.2726063 2.2819284 0.0707639 2.3104364 2.3104364 2.3104364 2.2796779 2.2796779 2.2736054 2.2680940 2.2736054 0.0452400 2.2929267 2.2929267 0.0702872 0.0702872 0.0707639 0.0650613 0.0903191 2.2574986 0.0066315 0.0083926 0.0650613 0.0464283 2.3279913 0.0438134 0.0631449 3.2457836 2.2877199 2.2877199 2.3108438 2.2457052 2.2718117 3.2457836 2.1431645 0.0608404 0.0653904 2.2726063 0.0803141 0.0672699 0.0607123 0.0631020 0.0672699 0.0674005 0.0840675 2.3066031 2.3743623 2.2687659 0.0325848 0.0431549 0.0674804 2.3337355 2.3291719 2.3003758 2.3003758 0.0325848 0.0083657 2.2680940 2.3344449 0.0803649 0.0431549 2.2744548 2.2813250 0.0417542 2.2818047 2.2680940 0.0417542 2.2680940 2.2680940 2.2984867 2.2737849 0.0708481 2.2984867 2.2853114 0.0394063 
Yersinia_bercovieri__GCF_963900425.1         0.0673822 2.2732361 0.0673822 2.2832651 2.2732361 2.2832651 2.2719257 2.2719257 2.2719257 2.2719257 2.2916265 0.0112351 2.2764468 2.2694677 2.2694677 0.1402587 2.2832651 2.2832651 0.0027862 0.0000000 0.0055470 0.0055470 0.0112351 2.2832651 2.2851733 2.2851733 0.0463672 0.0055623 0.0066253 2.3105194 0.0672507 0.0055623 0.0709178 2.2959955 2.3331147 2.3376871 2.2959955 0.0709178 0.0672507 0.0055857 0.0083559 0.0802567 0.0083559 2.3073267 0.0083515 0.0083515 2.3073267 0.0027862 0.0769546 0.0683956 2.2832651 2.2916265 0.0702742 0.1402587 0.0683956 0.0702742 2.2857642 0.0738802 0.0618094 0.0738802 0.0058684 0.0000010 2.2764468 2.2832651 0.0055857 2.2764468 2.2857642 0.0742063 2.3143875 2.3143875 2.3143875 2.2835170 2.2835170 2.2774494 2.2719257 2.2774494 0.0451817 2.2968058 2.2968058 0.0702358 0.0702358 0.0742063 0.0690852 0.0902275 2.2612862 0.0066253 0.0055606 0.0690852 0.0463672 2.3319933 0.0437586 0.0672731 3.2433412 2.2916265 2.2916265 2.3181609 2.2530123 2.2756613 3.2433412 2.1414252 0.0642068 0.0694319 2.2764468 0.0802567 0.0706811 0.0642346 0.0666034 0.0706811 0.0708187 0.0839944 2.3105194 2.3814744 2.2725985 0.0325593 0.0431016 0.0709031 2.3376871 2.3331147 2.3042993 2.3042993 0.0325593 0.0083592 2.2719257 2.3384225 0.0803073 0.0431016 2.2783067 2.2851733 0.0417041 2.2856698 2.2719257 0.0417041 2.2719257 2.2719257 2.3024003 2.2776053 0.0742964 2.3024003 2.2891772 0.0393614 
Yersinia_alsatica__GCF_963901075.1           0.0673822 2.2724116 0.0673822 2.2824478 2.2724116 2.2824478 2.2711101 2.2711101 2.2711101 2.2711101 2.2908036 0.0168809 2.2756313 2.2686537 2.2686537 0.1402587 2.2824478 2.2824478 0.0083722 0.0055470 0.0000000 0.0000010 0.0168809 2.2824478 2.2843599 2.2843599 0.0463672 0.0111440 0.0066253 2.3097032 0.0735284 0.0111440 0.0772465 2.2951750 2.3331147 2.3376871 2.2951750 0.0772465 0.0735284 0.0000010 0.0083559 0.0866501 0.0083559 2.3076121 0.0083515 0.0083515 2.3076121 0.0083722 0.0833177 0.0683956 2.2824478 2.2908036 0.0702742 0.1402587 0.0683956 0.0702742 2.2849537 0.0738802 0.0681123 0.0738802 0.0088093 0.0055470 2.2756313 2.2824478 0.0000010 2.2756313 2.2849537 0.0805629 2.3135658 2.3135658 2.3135658 2.2827049 2.2827049 2.2766335 2.2711101 2.2766335 0.0451817 2.2959911 2.2959911 0.0702358 0.0702358 0.0805629 0.0690852 0.0855607 2.2604756 0.0066253 0.0055606 0.0690852 0.0463672 2.3320828 0.0437586 0.0672731 3.2433412 2.2908036 2.2908036 2.3181609 2.2530123 2.2748435 3.2433412 2.1414252 0.0642068 0.0694319 2.2756313 0.0866501 0.0706811 0.0707795 0.0666034 0.0706811 0.0708187 0.0839944 2.3097032 2.3814744 2.2717830 0.0385402 0.0431016 0.0709031 2.3376871 2.3331147 2.3034787 2.3034787 0.0385402 0.0139571 2.2711101 2.3376070 0.0867049 0.0431016 2.2774896 2.2843599 0.0417041 2.2848530 2.2711101 0.0417041 2.2711101 2.2711101 2.3015811 2.2767945 0.0806639 2.3015811 2.2883619 0.0393614 
Yersinia_alsatica__GCF_963900465.1           0.0673822 2.2724116 0.0673822 2.2824478 2.2724116 2.2824478 2.2711101 2.2711101 2.2711101 2.2711101 2.2908036 0.0168809 2.2756313 2.2686537 2.2686537 0.1402587 2.2824478 2.2824478 0.0083722 0.0055470 0.0000010 0.0000000 0.0168809 2.2824478 2.2843599 2.2843599 0.0463672 0.0111440 0.0066253 2.3097032 0.0735284 0.0111440 0.0772465 2.2951750 2.3331147 2.3376871 2.2951750 0.0772465 0.0735284 0.0000010 0.0083559 0.0866501 0.0083559 2.3076121 0.0083515 0.0083515 2.3076121 0.0083722 0.0833177 0.0683956 2.2824478 2.2908036 0.0702742 0.1402587 0.0683956 0.0702742 2.2849537 0.0738802 0.0681123 0.0738802 0.0088093 0.0055470 2.2756313 2.2824478 0.0000010 2.2756313 2.2849537 0.0805629 2.3135658 2.3135658 2.3135658 2.2827049 2.2827049 2.2766335 2.2711101 2.2766335 0.0451817 2.2959911 2.2959911 0.0702358 0.0702358 0.0805629 0.0690852 0.0855607 2.2604756 0.0066253 0.0055606 0.0690852 0.0463672 2.3320828 0.0437586 0.0672731 3.2433412 2.2908036 2.2908036 2.3181609 2.2530123 2.2748435 3.2433412 2.1414252 0.0642068 0.0694319 2.2756313 0.0866501 0.0706811 0.0707795 0.0666034 0.0706811 0.0708187 0.0839944 2.3097032 2.3814744 2.2717830 0.0385402 0.0431016 0.0709031 2.3376871 2.3331147 2.3034787 2.3034787 0.0385402 0.0139571 2.2711101 2.3376070 0.0867049 0.0431016 2.2774896 2.2843599 0.0417041 2.2848530 2.2711101 0.0417041 2.2711101 2.2711101 2.3015811 2.2767945 0.0806639 2.3015811 2.2883619 0.0393614 
Yersinia_rochesterensis__GCF_963900795.1     0.0607025 2.3022271 0.0607025 2.3067488 2.3022271 2.3067488 2.3006014 2.3006014 2.3006014 2.3006014 2.3152795 0.0000010 2.3051293 2.2980833 2.2980833 0.1348155 2.3067488 2.3067488 0.0083782 0.0112351 0.0168809 0.0168809 0.0000000 2.3067488 2.3138001 2.3138001 0.0411984 0.0083649 0.0099676 2.3393213 0.0639831 0.0083649 0.0641742 2.3249055 2.3618201 2.3663967 2.3249055 0.0641742 0.0639831 0.0169996 0.0083970 0.0769230 0.0083970 2.3362397 0.0111641 0.0111641 2.3362397 0.0083782 0.0736376 0.0601110 2.3067488 2.3152795 0.0669992 0.1348155 0.0601110 0.0669992 2.3090533 0.0705765 0.0585318 0.0705765 0.0088262 0.0112351 2.3051293 2.3067488 0.0169996 2.3051293 2.3090533 0.0674220 2.3380458 2.3380458 2.3380458 2.3120960 2.3120960 2.3008842 2.3006014 2.3008842 0.0504022 2.3255110 2.3255110 0.0669617 0.0669617 0.0674220 0.0611551 0.0951262 2.2897664 0.0099676 0.0112098 0.0611551 0.0411984 2.3611479 0.0388803 0.0591370 3.2736923 2.3152795 2.3152795 2.3108576 2.2456369 2.2991501 3.2736923 2.1555764 0.0575646 0.0614672 2.3051293 0.0769230 0.0639557 0.0572842 0.0596976 0.0639557 0.0640797 0.0798798 2.3393213 2.3838908 2.3012722 0.0235308 0.0382963 0.0641552 2.3663967 2.3618201 2.3279097 2.3279097 0.0235308 0.0111744 2.3006014 2.3619629 0.0769714 0.0382963 2.3017801 2.3138001 0.0370543 2.3091390 2.3006014 0.0370543 2.3006014 2.3006014 2.3259645 2.3061219 0.0675007 2.3259645 2.3178828 0.0349748 
Yersinia_enterocolitica__GCA_963860475.1     2.2274030 0.0426070 2.2274030 0.0014928 0.0426070 0.0014928 0.0075284 0.0075284 0.0060116 0.0060116 0.0231291 2.3067488 0.0136429 0.0090430 0.0090430 2.6889263 0.0029885 0.0029885 2.2794022 2.2832651 2.2824478 2.2824478 2.3067488 0.0000000 0.0090430 0.0090430 2.5131208 2.2920417 2.3047313 0.0105836 2.2263681 2.2920417 2.2078761 0.0090586 0.1083811 0.1180818 0.0090586 2.2078761 2.2263681 2.2871581 2.2913355 2.2501123 2.2913355 0.1126214 2.2868519 2.2868519 0.1126214 2.2794022 2.2380417 2.2916817 0.0000010 0.0231291 2.2384610 2.6889263 2.2916817 2.2384610 0.0091414 2.2344969 2.2992288 2.2344969 2.2748732 2.2832651 0.0136429 0.0029927 2.2871581 0.0167393 0.0091414 2.2082585 0.0166941 0.0151633 0.0151633 0.0090386 0.0090386 0.0045000 0.0090496 0.0045000 2.4903644 0.0121006 0.0121006 2.2283164 2.2283164 2.2082585 2.2754938 2.3985729 0.0136569 2.3047313 2.2913411 2.2754938 2.5131208 0.1147801 2.4682702 2.3027537 2.4628645 0.0247242 0.0247242 0.0230431 0.0206095 0.0247554 2.4628645 2.1367961 2.2184572 2.3003058 0.0167393 2.2501123 2.2437328 2.4007350 2.2556900 2.2437328 2.2074017 2.3566521 0.0105836 0.0345667 0.0090489 2.3457204 2.4675281 2.2504254 0.1180818 0.1083811 0.0029944 0.0029944 2.3457204 2.2784468 0.0090430 0.0217799 2.2544623 2.4675281 0.0029867 0.0090493 2.4302637 0.0030008 0.0090496 2.4302637 0.0090375 0.0090375 0.0029896 0.0090375 2.2120897 0.0029896 0.0090526 2.4466853 
Yersinia_kristensenii__GCF_963866405.1       2.2294996 0.0392830 2.2294996 0.0075294 0.0392830 0.0075294 0.0044964 0.0044964 0.0029925 0.0029925 0.0199895 2.3138001 0.0105645 0.0060011 0.0060011 2.6982590 0.0090442 0.0090442 2.2813250 2.2851733 2.2843599 2.2843599 2.3138001 0.0090430 0.0000000 0.0000010 2.5243294 2.2939056 2.3068571 0.0014964 2.2284675 2.2939056 2.2100590 0.0029987 0.1030828 0.1127341 0.0029987 2.2100590 2.2284675 2.2890527 2.2984433 2.2521092 2.2984433 0.1072858 2.2887343 2.2887343 0.1072858 2.2813250 2.2400966 2.2939887 0.0090430 0.0199895 2.2405058 2.6982590 2.2939887 2.2405058 0.0122506 2.2366051 2.3093413 2.2366051 2.2769136 2.2851733 0.0105645 0.0090567 2.2890527 0.0136358 0.0122506 2.2104410 0.0166832 0.0151533 0.0151533 0.0029888 0.0029888 0.0075220 0.0060056 0.0075220 2.4920708 0.0060022 0.0060022 2.2304059 2.2304059 2.2104410 2.2777584 2.4005551 0.0105752 2.3068571 2.2932058 2.2777584 2.5243294 0.1094265 2.4790789 2.3049524 2.4373229 0.0215733 0.0215733 0.0230024 0.0205716 0.0216005 2.4373229 2.1081794 2.2206054 2.3024470 0.0136358 2.2521092 2.2457677 2.4021871 2.2576984 2.2457677 2.2095748 2.3586107 0.0014964 0.0248849 0.0060051 2.3527092 2.4782361 2.2524394 0.1127341 0.1030828 0.0090617 0.0090617 2.3527092 2.2803735 0.0060011 0.0217654 2.2564547 2.4782361 0.0090387 0.0060054 2.4409081 0.0090810 0.0060056 2.4409081 0.0059984 0.0059984 0.0090474 0.0059984 2.2142586 0.0090474 0.0060075 2.4568139 
Yersinia_kristensenii__GCF_963865855.1       2.2294996 0.0392830 2.2294996 0.0075294 0.0392830 0.0075294 0.0044964 0.0044964 0.0029925 0.0029925 0.0199895 2.3138001 0.0105645 0.0060011 0.0060011 2.6982590 0.0090442 0.0090442 2.2813250 2.2851733 2.2843599 2.2843599 2.3138001 0.0090430 0.0000010 0.0000000 2.5243294 2.2939056 2.3068571 0.0014964 2.2284675 2.2939056 2.2100590 0.0029987 0.1030828 0.1127341 0.0029987 2.2100590 2.2284675 2.2890527 2.2984433 2.2521092 2.2984433 0.1072858 2.2887343 2.2887343 0.1072858 2.2813250 2.2400966 2.2939887 0.0090430 0.0199895 2.2405058 2.6982590 2.2939887 2.2405058 0.0122506 2.2366051 2.3093413 2.2366051 2.2769136 2.2851733 0.0105645 0.0090567 2.2890527 0.0136358 0.0122506 2.2104410 0.0166832 0.0151533 0.0151533 0.0029888 0.0029888 0.0075220 0.0060056 0.0075220 2.4920708 0.0060022 0.0060022 2.2304059 2.2304059 2.2104410 2.2777584 2.4005551 0.0105752 2.3068571 2.2932058 2.2777584 2.5243294 0.1094265 2.4790789 2.3049524 2.4373229 0.0215733 0.0215733 0.0230024 0.0205716 0.0216005 2.4373229 2.1081794 2.2206054 2.3024470 0.0136358 2.2521092 2.2457677 2.4021871 2.2576984 2.2457677 2.2095748 2.3586107 0.0014964 0.0248849 0.0060051 2.3527092 2.4782361 2.2524394 0.1127341 0.1030828 0.0090617 0.0090617 2.3527092 2.2803735 0.0060011 0.0217654 2.2564547 2.4782361 0.0090387 0.0060054 2.4409081 0.0090810 0.0060056 2.4409081 0.0059984 0.0059984 0.0090474 0.0059984 2.2142586 0.0090474 0.0060075 2.4568139 
Yersinia_enterocolitica__GCA_963867455.1     0.0730510 2.5026189 0.0730510 2.5131208 2.5026189 2.5131208 2.5008349 2.5008349 2.5008349 2.5008349 2.5216286 0.0411984 2.5092053 2.5008349 2.5008349 0.0046999 2.5131208 2.5131208 0.0464283 0.0463672 0.0463672 0.0463672 0.0411984 2.5131208 2.5243294 2.5243294 0.0000000 0.0411083 0.0411083 2.5243294 0.0620694 0.0411083 0.0730510 2.5490099 2.5550480 2.5635198 2.5490099 0.0730510 0.0620694 0.0463672 0.0411436 0.0784693 0.0411436 2.5552440 0.0411083 0.0411083 2.5552440 0.0464283 0.0729000 0.0730510 2.5131208 2.5216286 0.0672201 0.0046999 0.0730510 0.0672201 2.5140781 0.0726501 0.0449740 0.0726501 0.0411083 0.0463672 2.5092053 2.5131208 0.0463672 2.5092053 2.5140781 0.0730510 2.5475546 2.5475546 2.5475546 2.5205304 2.5205304 2.5015023 2.5008349 2.5015023 0.0292722 2.5243294 2.5243294 0.0675671 0.0675671 0.0730510 0.0730510 0.0620694 2.4785070 0.0411083 0.0463672 0.0730510 0.0000010 2.5552440 0.0000010 0.0730510 2.4485224 2.5216286 2.5216286 2.3849274 2.3211599 2.4898612 2.4485224 2.4587781 0.0730510 0.0730510 2.5092053 0.0784693 0.0787092 0.0342945 0.0730510 0.0787092 0.0730510 0.0726501 2.5243294 2.4140523 2.5023822 0.0000010 0.0000010 0.0791319 2.5635198 2.5550480 2.5548101 2.5548101 0.0000010 0.0463896 2.5008349 2.6169540 0.0729000 0.0000010 2.5037762 2.5243294 0.0000010 2.5131208 2.5008349 0.0000010 2.5008349 2.5008349 2.5131208 2.5088989 0.0730510 2.5131208 2.5008349 0.0000010 
