56
Yersinia_pseudotuberculosis__GCF_900460735.1 0.0000000 2.6072312 2.5789357 2.5836682 2.5831713 0.0202778 0.0203258 2.5919163 0.0235813 2.5135188 2.5831713 2.5919163 2.5389310 2.5789357 2.5270388 2.5852722 2.5253542 2.5253542 2.5852722 2.5757247 2.5183467 2.5183467 2.5876475 2.5135188 0.0317100 2.5907736 2.5907736 0.0202778 2.6072312 0.0254490 0.0234445 0.0234445 0.0186536 0.0186536 2.5145557 2.5145557 2.5147940 2.5147940 2.5189681 0.0215892 2.6787828 0.0215892 2.5906522 0.0254490 2.6027541 0.0251171 0.0000010 0.0317100 2.5389310 2.5281706 0.0251171 0.0218990 2.5281706 2.5457509 2.6533658 0.0218990 
Yersinia_rochesterensis__GCF_946902935.1     2.6072312 0.0000000 0.0084148 0.0113154 0.0170047 2.6024269 2.6311244 0.0083923 2.6172710 0.0667991 0.0170047 0.0083923 0.0807529 0.0084148 0.0771867 0.0112020 0.0699752 0.0699752 0.0112020 0.0088559 0.0670354 0.0670354 0.0171244 0.0667991 2.5940505 0.0084382 0.0084382 2.6024269 0.0000010 2.5967233 2.5998411 2.5998411 2.5894277 2.5894277 0.0632435 0.0632435 0.0699381 0.0699381 0.0705309 2.6163242 0.1018160 2.6163242 0.0112695 2.5967233 0.0635311 2.5889899 2.6072312 2.5940505 0.0807529 0.0738303 2.5889899 2.5964986 0.0738303 0.0808874 0.0242383 2.5964986 
Yersinia_pekkanenii__GCF_963868735.1         2.5789357 0.0084148 0.0000000 0.0027945 0.0083979 2.5684681 2.5969744 0.0055824 2.5829131 0.0704129 0.0083979 0.0055824 0.0844798 0.0000010 0.0808868 0.0083823 0.0736062 0.0736062 0.0083823 0.0058905 0.0706484 0.0706484 0.0084567 0.0704129 2.5599968 0.0112695 0.0112695 2.5684681 0.0084148 2.5689180 2.5659683 2.5659683 2.5613880 2.5613880 0.0668199 0.0668199 0.0735703 0.0735703 0.0741698 2.5822859 0.0964244 2.5822859 0.0084339 2.5689180 0.0677685 2.5549371 2.5789357 2.5599968 0.0844798 0.0774921 2.5549371 2.5684000 0.0774921 0.0846185 0.0336791 2.5684000 
Yersinia_bercovieri__GCF_963900425.1         2.5836682 0.0113154 0.0027945 0.0000000 0.0055479 2.5731225 2.6017078 0.0055758 2.5876488 0.0703476 0.0055479 0.0055758 0.0844087 0.0027945 0.0808170 0.0083726 0.0735395 0.0735395 0.0083726 0.0058832 0.0743416 0.0743416 0.0055865 0.0703476 2.5646487 0.0083769 0.0083769 2.5731225 0.0113154 2.5735491 2.5706063 2.5706063 2.5660435 2.5660435 0.0704731 0.0704731 0.0735037 0.0735037 0.0778933 2.5869766 0.0963157 2.5869766 0.0055720 2.5735491 0.0721061 2.5595795 2.5836682 2.5646487 0.0844087 0.0774238 2.5595795 2.5730789 0.0774238 0.0845473 0.0336409 2.5730789 
Yersinia_alsatica__GCF_963900355.1           2.5831713 0.0170047 0.0083979 0.0055479 0.0000000 2.5726236 2.6012284 0.0111738 2.5871555 0.0770990 0.0000010 0.0111738 0.0914324 0.0083979 0.0877716 0.0083726 0.0735395 0.0735395 0.0083726 0.0088321 0.0811581 0.0811581 0.0000010 0.0770990 2.5641417 0.0083769 0.0083769 2.5726236 0.0170047 2.5730531 2.5701067 2.5701067 2.5655376 2.5655376 0.0704731 0.0704731 0.0735037 0.0735037 0.0847700 2.5864874 0.0911007 2.5864874 0.0055720 2.5730531 0.0721061 2.5590687 2.5831713 2.5641417 0.0914324 0.0774238 2.5590687 2.5725773 0.0774238 0.0915790 0.0398397 2.5725773 
Yersinia_kristensenii__GCF_963870645.1       0.0202778 2.6024269 2.5684681 2.5731225 2.5726236 0.0000000 0.0014992 2.5812967 0.0030091 2.5041942 2.5726236 2.5812967 2.5292920 2.5684681 2.5175160 2.5747665 2.5158981 2.5158981 2.5747665 2.5647610 2.4850273 2.4850273 2.5770219 2.5041942 0.0137473 2.5861790 2.5861790 0.0000010 2.6024269 0.0124223 0.0029908 0.0029908 0.0075586 0.0075586 2.5052123 2.5052123 2.5054637 2.5054637 2.4856245 0.0060190 2.6930228 0.0060190 2.5800620 0.0124223 2.5618544 0.0045089 0.0202778 0.0137473 2.5292920 2.5184238 0.0045089 0.0075693 2.5184238 2.5359410 2.6478962 0.0075693 
Yersinia_kristensenii__GCF_963873565.1       0.0203258 2.6311244 2.5969744 2.6017078 2.6012284 0.0014992 0.0000000 2.6098499 0.0045361 2.5313721 2.6012284 2.6098499 2.5566301 2.5969744 2.5448687 2.6031974 2.5431070 2.5431070 2.6031974 2.5947209 2.5121299 2.5121299 2.6057116 2.5313721 0.0153509 2.6147654 2.6147654 0.0014992 2.6311244 0.0140435 0.0045085 0.0045085 0.0091152 0.0091152 2.5324142 2.5324142 2.5326204 2.5326204 2.5127479 0.0075611 2.6930228 0.0075611 2.6085711 0.0140435 2.5953210 0.0060417 0.0203258 0.0153509 2.5566301 2.5463901 0.0060417 0.0091282 2.5463901 2.5635685 2.6773198 0.0091282 
Yersinia_mollaretii__GCF_963887555.1         2.5919163 0.0083923 0.0055824 0.0055758 0.0111738 2.5812967 2.6098499 0.0000000 2.5958789 0.0634965 0.0111738 0.0000010 0.0773172 0.0055824 0.0737859 0.0027699 0.0666529 0.0666529 0.0027699 0.0000010 0.0705368 0.0705368 0.0112517 0.0634965 2.5728684 0.0083482 0.0083482 2.5812967 0.0083923 2.5816798 2.5787665 2.5787665 2.5742614 2.5742614 0.0667092 0.0667092 0.0666148 0.0666148 0.0740581 2.5951324 0.0910158 2.5951324 0.0055526 2.5816798 0.0676371 2.5678127 2.5919163 2.5728684 0.0773172 0.0704713 2.5678127 2.5812964 0.0704713 0.0774470 0.0273468 2.5812964 
Yersinia_kristensenii__GCF_963901205.1       0.0235813 2.6172710 2.5829131 2.5876488 2.5871555 0.0030091 0.0045361 2.5958789 0.0000000 2.5174244 2.5871555 2.5958789 2.5428124 2.5829131 2.5309440 2.5892285 2.5292419 2.5292419 2.5892285 2.5799117 2.4980608 2.4980608 2.5916361 2.5174244 0.0137889 2.6008214 2.6008214 0.0030091 2.6172710 0.0156569 0.0060327 0.0060327 0.0075810 0.0075810 2.5184628 2.5184628 2.5186941 2.5186941 2.4986730 0.0091054 2.7163325 0.0091054 2.5946106 0.0156569 2.5787572 0.0045221 0.0235813 0.0137889 2.5428124 2.5321619 0.0045221 0.0075918 2.5321619 2.5496613 2.6635326 0.0075918 
Yersinia_vastinensis__GCF_963900675.1        2.5135188 0.0667991 0.0704129 0.0703476 0.0770990 2.5041942 2.5313721 0.0634965 2.5174244 0.0000000 0.0770990 0.0634965 0.0112483 0.0704129 0.0083963 0.0668058 0.0140966 0.0140966 0.0668058 0.0521665 0.0112389 0.0112389 0.0738536 0.0000010 2.4958410 0.0735973 0.0735973 2.5041942 0.0667991 2.5197461 2.5019378 2.5019378 2.4971699 2.4971699 0.0141092 0.0141092 0.0084305 0.0084305 0.0141195 2.5173935 0.0437939 2.5173935 0.0701864 2.5197461 0.0100682 2.4909559 2.5135188 2.4958410 0.0112483 0.0386162 2.4909559 2.5038010 0.0386162 0.0112659 0.0792177 2.5038010 
Yersinia_alsatica__GCF_963901175.1           2.5831713 0.0170047 0.0083979 0.0055479 0.0000010 2.5726236 2.6012284 0.0111738 2.5871555 0.0770990 0.0000000 0.0111738 0.0914324 0.0083979 0.0877716 0.0083726 0.0735395 0.0735395 0.0083726 0.0088321 0.0811581 0.0811581 0.0000010 0.0770990 2.5641417 0.0083769 0.0083769 2.5726236 0.0170047 2.5730531 2.5701067 2.5701067 2.5655376 2.5655376 0.0704731 0.0704731 0.0735037 0.0735037 0.0847700 2.5864874 0.0911007 2.5864874 0.0055720 2.5730531 0.0721061 2.5590687 2.5831713 2.5641417 0.0914324 0.0774238 2.5590687 2.5725773 0.0774238 0.0915790 0.0398397 2.5725773 
Yersinia_mollaretii__GCF_963900165.1         2.5919163 0.0083923 0.0055824 0.0055758 0.0111738 2.5812967 2.6098499 0.0000010 2.5958789 0.0634965 0.0111738 0.0000000 0.0773172 0.0055824 0.0737859 0.0027699 0.0666529 0.0666529 0.0027699 0.0000010 0.0705368 0.0705368 0.0112517 0.0634965 2.5728684 0.0083482 0.0083482 2.5812967 0.0083923 2.5816798 2.5787665 2.5787665 2.5742614 2.5742614 0.0667092 0.0667092 0.0666148 0.0666148 0.0740581 2.5951324 0.0910158 2.5951324 0.0055526 2.5816798 0.0676371 2.5678127 2.5919163 2.5728684 0.0773172 0.0704713 2.5678127 2.5812964 0.0704713 0.0774470 0.0273468 2.5812964 
Yersinia_entomophaga__GCF_965137505.1        2.5389310 0.0807529 0.0844798 0.0844087 0.0914324 2.5292920 2.5566301 0.0773172 2.5428124 0.0112483 0.0914324 0.0773172 0.0000000 0.0844798 0.0027851 0.0807472 0.0257576 0.0257576 0.0807472 0.0662068 0.0228110 0.0228110 0.0881269 0.0112483 2.5209973 0.0878020 0.0878020 2.5292920 0.0807529 2.5446309 2.5269714 2.5269714 2.5223335 2.5223335 0.0257799 0.0257799 0.0199633 0.0199633 0.0257891 2.5425605 0.0626966 2.5425605 0.0842558 2.5446309 0.0238899 2.5161065 2.5389310 2.5209973 0.0000010 0.0450308 2.5161065 2.5290264 0.0450308 0.0056056 0.0938370 2.5290264 
Yersinia_pekkanenii__GCF_001244635.1         2.5789357 0.0084148 0.0000010 0.0027945 0.0083979 2.5684681 2.5969744 0.0055824 2.5829131 0.0704129 0.0083979 0.0055824 0.0844798 0.0000000 0.0808868 0.0083823 0.0736062 0.0736062 0.0083823 0.0058905 0.0706484 0.0706484 0.0084567 0.0704129 2.5599968 0.0112695 0.0112695 2.5684681 0.0084148 2.5689180 2.5659683 2.5659683 2.5613880 2.5613880 0.0668199 0.0668199 0.0735703 0.0735703 0.0741698 2.5822859 0.0964244 2.5822859 0.0084339 2.5689180 0.0677685 2.5549371 2.5789357 2.5599968 0.0844798 0.0774921 2.5549371 2.5684000 0.0774921 0.0846185 0.0336791 2.5684000 
Yersinia_nurmii__GCF_001112925.1             2.5270388 0.0771867 0.0808868 0.0808170 0.0877716 2.5175160 2.5448687 0.0737859 2.5309440 0.0083963 0.0877716 0.0737859 0.0027851 0.0808868 0.0000000 0.0771848 0.0227884 0.0227884 0.0771848 0.0626154 0.0198673 0.0198673 0.0844795 0.0083963 2.5091666 0.0841727 0.0841727 2.5175160 0.0771867 2.5330055 2.5152180 2.5152180 2.5105038 2.5105038 0.0228082 0.0228082 0.0170318 0.0170318 0.0228186 2.5307954 0.0578359 2.5307954 0.0806608 2.5330055 0.0203680 2.5042625 2.5270388 2.5091666 0.0027851 0.0418352 2.5042625 2.5171894 0.0418352 0.0027893 0.0901081 2.5171894 
Yersinia_aldovae__GCF_001091225.1            2.5852722 0.0112020 0.0083823 0.0083726 0.0083726 2.5747665 2.6031974 0.0027699 2.5892285 0.0668058 0.0083726 0.0027699 0.0807472 0.0083823 0.0771848 0.0000000 0.0633652 0.0633652 0.0000010 0.0000010 0.0739033 0.0739033 0.0084310 0.0668058 2.5663454 0.0055605 0.0055605 2.5747665 0.0112020 2.5751822 2.5722604 2.5722604 2.5677327 2.5677327 0.0634188 0.0634188 0.0633263 0.0633263 0.0774538 2.5885456 0.0858840 2.5885456 0.0027740 2.5751822 0.0676371 2.5613050 2.5852722 2.5663454 0.0807472 0.0738315 2.5613050 2.5747318 0.0738315 0.0808815 0.0304121 2.5747318 
Yersinia_wautersii__GCF_000493475.1          2.5253542 0.0699752 0.0736062 0.0735395 0.0735395 2.5158981 2.5431070 0.0666529 2.5292419 0.0140966 0.0735395 0.0666529 0.0257576 0.0736062 0.0227884 0.0633652 0.0000000 0.0000010 0.0633652 0.0591120 0.0141354 0.0141354 0.0703184 0.0140966 2.5075854 0.0700787 0.0700787 2.5158981 0.0699752 2.5313263 2.5136154 2.5136154 2.5089156 2.5089156 0.0055788 0.0055788 0.0112374 0.0112374 0.0170481 2.5291088 0.0436713 2.5291088 0.0667080 2.5313263 0.0100442 2.5027054 2.5253542 2.5075854 0.0257576 0.0449096 2.5027054 2.5155650 0.0449096 0.0257998 0.0786452 2.5155650 
Yersinia_wautersii__GCF_000493415.1          2.5253542 0.0699752 0.0736062 0.0735395 0.0735395 2.5158981 2.5431070 0.0666529 2.5292419 0.0140966 0.0735395 0.0666529 0.0257576 0.0736062 0.0227884 0.0633652 0.0000010 0.0000000 0.0633652 0.0591120 0.0141354 0.0141354 0.0703184 0.0140966 2.5075854 0.0700787 0.0700787 2.5158981 0.0699752 2.5313263 2.5136154 2.5136154 2.5089156 2.5089156 0.0055788 0.0055788 0.0112374 0.0112374 0.0170481 2.5291088 0.0436713 2.5291088 0.0667080 2.5313263 0.0100442 2.5027054 2.5253542 2.5075854 0.0257576 0.0449096 2.5027054 2.5155650 0.0449096 0.0257998 0.0786452 2.5155650 
Yersinia_aldovae__GCF_902168585.1            2.5852722 0.0112020 0.0083823 0.0083726 0.0083726 2.5747665 2.6031974 0.0027699 2.5892285 0.0668058 0.0083726 0.0027699 0.0807472 0.0083823 0.0771848 0.0000010 0.0633652 0.0633652 0.0000000 0.0000010 0.0739033 0.0739033 0.0084310 0.0668058 2.5663454 0.0055605 0.0055605 2.5747665 0.0112020 2.5751822 2.5722604 2.5722604 2.5677327 2.5677327 0.0634188 0.0634188 0.0633263 0.0633263 0.0774538 2.5885456 0.0858840 2.5885456 0.0027740 2.5751822 0.0676371 2.5613050 2.5852722 2.5663454 0.0807472 0.0738315 2.5613050 2.5747318 0.0738315 0.0808815 0.0304121 2.5747318 
Yersinia_aldovae__GCF_902168475.1            2.5757247 0.0088559 0.0058905 0.0058832 0.0088321 2.5647610 2.5947209 0.0000010 2.5799117 0.0521665 0.0088321 0.0000010 0.0662068 0.0058905 0.0626154 0.0000010 0.0591120 0.0591120 0.0000010 0.0000000 0.0627266 0.0627266 0.0088971 0.0521665 2.5558426 0.0058648 0.0058648 2.5647610 0.0088559 2.5652540 2.5621431 2.5621431 2.5573045 2.5573045 0.0591645 0.0591645 0.0556919 0.0556919 0.0663382 2.5792817 0.0646254 2.5792817 0.0029256 2.5652540 0.0676371 2.5505227 2.5757247 2.5558426 0.0662068 0.0591840 2.5505227 2.5646688 0.0591840 0.0663261 0.0289722 2.5646688 
Yersinia_aleksiciae__GCF_902168445.1         2.5183467 0.0670354 0.0706484 0.0743416 0.0811581 2.4850273 2.5121299 0.0705368 2.4980608 0.0112389 0.0811581 0.0705368 0.0228110 0.0706484 0.0198673 0.0739033 0.0141354 0.0141354 0.0739033 0.0627266 0.0000000 0.0000010 0.0779006 0.0112389 2.4766152 0.0776260 0.0776260 2.4850273 0.0670354 2.5007660 2.4828162 2.4828162 2.4779407 2.4779407 0.0084389 0.0084389 0.0199476 0.0199476 0.0027896 2.4981966 0.0579865 2.4981966 0.0741817 2.5007660 0.0000010 2.4717260 2.5183467 2.4766152 0.0228110 0.0450665 2.4717260 2.4845362 0.0450665 0.0228481 0.0866455 2.4845362 
Yersinia_aleksiciae__GCF_902168465.1         2.5183467 0.0670354 0.0706484 0.0743416 0.0811581 2.4850273 2.5121299 0.0705368 2.4980608 0.0112389 0.0811581 0.0705368 0.0228110 0.0706484 0.0198673 0.0739033 0.0141354 0.0141354 0.0739033 0.0627266 0.0000010 0.0000000 0.0779006 0.0112389 2.4766152 0.0776260 0.0776260 2.4850273 0.0670354 2.5007660 2.4828162 2.4828162 2.4779407 2.4779407 0.0084389 0.0084389 0.0199476 0.0199476 0.0027896 2.4981966 0.0579865 2.4981966 0.0741817 2.5007660 0.0000010 2.4717260 2.5183467 2.4766152 0.0228110 0.0450665 2.4717260 2.4845362 0.0450665 0.0228481 0.0866455 2.4845362 
Yersinia_alsatica__GCF_902170395.1           2.5876475 0.0171244 0.0084567 0.0055865 0.0000010 2.5770219 2.6057116 0.0112517 2.5916361 0.0738536 0.0000010 0.0112517 0.0881269 0.0084567 0.0844795 0.0084310 0.0703184 0.0703184 0.0084310 0.0088971 0.0779006 0.0779006 0.0000000 0.0738536 2.5685345 0.0084354 0.0084354 2.5770219 0.0171244 2.5774294 2.5744885 2.5744885 2.5699343 2.5699343 0.0672602 0.0672602 0.0702812 0.0702812 0.0815011 2.5909249 0.0911007 2.5909249 0.0056109 2.5774294 0.0721061 2.5634507 2.5876475 2.5685345 0.0881269 0.0741882 2.5634507 2.5769988 0.0741882 0.0882707 0.0401366 2.5769988 
Yersinia_vastinensis__GCF_902170245.1        2.5135188 0.0667991 0.0704129 0.0703476 0.0770990 2.5041942 2.5313721 0.0634965 2.5174244 0.0000010 0.0770990 0.0634965 0.0112483 0.0704129 0.0083963 0.0668058 0.0140966 0.0140966 0.0668058 0.0521665 0.0112389 0.0112389 0.0738536 0.0000000 2.4958410 0.0735973 0.0735973 2.5041942 0.0667991 2.5197461 2.5019378 2.5019378 2.4971699 2.4971699 0.0141092 0.0141092 0.0084305 0.0084305 0.0141195 2.5173935 0.0437939 2.5173935 0.0701864 2.5197461 0.0100682 2.4909559 2.5135188 2.4958410 0.0112483 0.0386162 2.4909559 2.5038010 0.0386162 0.0112659 0.0792177 2.5038010 
Yersinia_hibernica__GCF_902170435.1          0.0317100 2.5940505 2.5599968 2.5646487 2.5641417 0.0137473 0.0153509 2.5728684 0.0137889 2.4958410 2.5641417 2.5728684 2.5209973 2.5599968 2.5091666 2.5663454 2.5075854 2.5075854 2.5663454 2.5558426 2.4766152 2.4766152 2.5685345 2.4958410 0.0000000 2.5777628 2.5777628 0.0137473 2.5940505 0.0237412 0.0137335 0.0137335 0.0122043 0.0122043 2.4968562 2.4968562 2.4971226 2.4971226 2.4772086 0.0137697 2.6812107 0.0137697 2.5716414 0.0237412 2.5518870 0.0091007 0.0317100 0.0000010 2.5209973 2.5098929 0.0091007 0.0153602 2.5098929 2.5275887 2.6395160 0.0153602 
Yersinia_intermedia__GCF_902170555.1         2.5907736 0.0084382 0.0112695 0.0083769 0.0083769 2.5861790 2.6147654 0.0083482 2.6008214 0.0735973 0.0083769 0.0083482 0.0878020 0.0112695 0.0841727 0.0055605 0.0700787 0.0700787 0.0055605 0.0058648 0.0776260 0.0776260 0.0084354 0.0735973 2.5777628 0.0000000 0.0000010 2.5861790 0.0084382 2.5805620 2.5836360 2.5836360 2.5731381 2.5731381 0.0670335 0.0670335 0.0700416 0.0700416 0.0812097 2.6000288 0.0964011 2.6000288 0.0027754 2.5805620 0.0719675 2.5727061 2.5907736 2.5777628 0.0878020 0.0807328 2.5727061 2.5801671 0.0807328 0.0879448 0.0304270 2.5801671 
Yersinia_intermedia__GCF_902170445.1         2.5907736 0.0084382 0.0112695 0.0083769 0.0083769 2.5861790 2.6147654 0.0083482 2.6008214 0.0735973 0.0083769 0.0083482 0.0878020 0.0112695 0.0841727 0.0055605 0.0700787 0.0700787 0.0055605 0.0058648 0.0776260 0.0776260 0.0084354 0.0735973 2.5777628 0.0000010 0.0000000 2.5861790 0.0084382 2.5805620 2.5836360 2.5836360 2.5731381 2.5731381 0.0670335 0.0670335 0.0700416 0.0700416 0.0812097 2.6000288 0.0964011 2.6000288 0.0027754 2.5805620 0.0719675 2.5727061 2.5907736 2.5777628 0.0878020 0.0807328 2.5727061 2.5801671 0.0807328 0.0879448 0.0304270 2.5801671 
Yersinia_kristensenii__GCF_902170425.1       0.0202778 2.6024269 2.5684681 2.5731225 2.5726236 0.0000010 0.0014992 2.5812967 0.0030091 2.5041942 2.5726236 2.5812967 2.5292920 2.5684681 2.5175160 2.5747665 2.5158981 2.5158981 2.5747665 2.5647610 2.4850273 2.4850273 2.5770219 2.5041942 0.0137473 2.5861790 2.5861790 0.0000000 2.6024269 0.0124223 0.0029908 0.0029908 0.0075586 0.0075586 2.5052123 2.5052123 2.5054637 2.5054637 2.4856245 0.0060190 2.6930228 0.0060190 2.5800620 0.0124223 2.5618544 0.0045089 0.0202778 0.0137473 2.5292920 2.5184238 0.0045089 0.0075693 2.5184238 2.5359410 2.6478962 0.0075693 
Yersinia_thracica__GCF_902170565.1           2.6072312 0.0000010 0.0084148 0.0113154 0.0170047 2.6024269 2.6311244 0.0083923 2.6172710 0.0667991 0.0170047 0.0083923 0.0807529 0.0084148 0.0771867 0.0112020 0.0699752 0.0699752 0.0112020 0.0088559 0.0670354 0.0670354 0.0171244 0.0667991 2.5940505 0.0084382 0.0084382 2.6024269 0.0000000 2.5967233 2.5998411 2.5998411 2.5894277 2.5894277 0.0632435 0.0632435 0.0699381 0.0699381 0.0705309 2.6163242 0.1018160 2.6163242 0.0112695 2.5967233 0.0635311 2.5889899 2.6072312 2.5940505 0.0807529 0.0738303 2.5889899 2.5964986 0.0738303 0.0808874 0.0242383 2.5964986 
Yersinia_massiliensis__GCF_902170615.1       0.0254490 2.5967233 2.5689180 2.5735491 2.5730531 0.0124223 0.0140435 2.5816798 0.0156569 2.5197461 2.5730531 2.5816798 2.5446309 2.5689180 2.5330055 2.5751822 2.5313263 2.5313263 2.5751822 2.5652540 2.5007660 2.5007660 2.5774294 2.5197461 0.0237412 2.5805620 2.5805620 0.0124223 2.5967233 0.0000000 0.0124096 0.0124096 0.0108502 0.0108502 2.5207655 2.5207655 2.5209883 2.5209883 2.5013679 0.0156036 2.7136576 0.0156036 2.5804510 0.0000010 2.5800841 0.0140277 0.0254490 0.0237412 2.5446309 2.5342437 0.0140277 0.0076951 2.5342437 2.5513580 2.6418637 0.0076951 
Yersinia_canariae__GCF_902170775.1           0.0234445 2.5998411 2.5659683 2.5706063 2.5701067 0.0029908 0.0045085 2.5787665 0.0060327 2.5019378 2.5701067 2.5787665 2.5269714 2.5659683 2.5152180 2.5722604 2.5136154 2.5136154 2.5722604 2.5621431 2.4828162 2.4828162 2.5744885 2.5019378 0.0137335 2.5836360 2.5836360 0.0029908 2.5998411 0.0124096 0.0000000 0.0000010 0.0075511 0.0075511 2.5029518 2.5029518 2.5032065 2.5032065 2.4834105 0.0060131 2.6889390 0.0060131 2.5775383 0.0124096 2.5589415 0.0045045 0.0234445 0.0137335 2.5269714 2.5160732 0.0045045 0.0075618 2.5160732 2.5335828 2.6451529 0.0075618 
Yersinia_canariae__GCF_902170705.1           0.0234445 2.5998411 2.5659683 2.5706063 2.5701067 0.0029908 0.0045085 2.5787665 0.0060327 2.5019378 2.5701067 2.5787665 2.5269714 2.5659683 2.5152180 2.5722604 2.5136154 2.5136154 2.5722604 2.5621431 2.4828162 2.4828162 2.5744885 2.5019378 0.0137335 2.5836360 2.5836360 0.0029908 2.5998411 0.0124096 0.0000010 0.0000000 0.0075511 0.0075511 2.5029518 2.5029518 2.5032065 2.5032065 2.4834105 0.0060131 2.6889390 0.0060131 2.5775383 0.0124096 2.5589415 0.0045045 0.0234445 0.0137335 2.5269714 2.5160732 0.0045045 0.0075618 2.5160732 2.5335828 2.6451529 0.0075618 
Yersinia_artesiana__GCF_902170805.1          0.0186536 2.5894277 2.5613880 2.5660435 2.5655376 0.0075586 0.0091152 2.5742614 0.0075810 2.4971699 2.5655376 2.5742614 2.5223335 2.5613880 2.5105038 2.5677327 2.5089156 2.5089156 2.5677327 2.5573045 2.4779407 2.4779407 2.5699343 2.4971699 0.0122043 2.5731381 2.5731381 0.0075586 2.5894277 0.0108502 0.0075511 0.0075511 0.0000000 0.0000010 2.4981862 2.4981862 2.4984504 2.4984504 2.4785351 0.0106362 2.6832713 0.0106362 2.5730322 0.0108502 2.5535180 0.0060379 0.0186536 0.0122043 2.5223335 2.5112597 0.0060379 0.0030055 2.5112597 2.5289386 2.6348340 0.0030055 
Yersinia_proxima__GCF_902170985.1            0.0186536 2.5894277 2.5613880 2.5660435 2.5655376 0.0075586 0.0091152 2.5742614 0.0075810 2.4971699 2.5655376 2.5742614 2.5223335 2.5613880 2.5105038 2.5677327 2.5089156 2.5089156 2.5677327 2.5573045 2.4779407 2.4779407 2.5699343 2.4971699 0.0122043 2.5731381 2.5731381 0.0075586 2.5894277 0.0108502 0.0075511 0.0075511 0.0000010 0.0000000 2.4981862 2.4981862 2.4984504 2.4984504 2.4785351 0.0106362 2.6832713 0.0106362 2.5730322 0.0108502 2.5535180 0.0060379 0.0186536 0.0122043 2.5223335 2.5112597 0.0060379 0.0030055 2.5112597 2.5289386 2.6348340 0.0030055 
Yersinia_pseudotuberculosis__GCA_902171145.1 2.5145557 0.0632435 0.0668199 0.0704731 0.0704731 2.5052123 2.5324142 0.0667092 2.5184628 0.0141092 0.0704731 0.0667092 0.0257799 0.0668199 0.0228082 0.0634188 0.0055788 0.0055788 0.0634188 0.0591645 0.0084389 0.0084389 0.0672602 0.0141092 2.4968562 0.0670335 0.0670335 2.5052123 0.0632435 2.5207655 2.5029518 2.5029518 2.4981862 2.4981862 0.0000000 0.0000010 0.0112476 0.0112476 0.0113090 2.5184229 0.0437254 2.5184229 0.0636828 2.5207655 0.0033294 2.4919677 2.5145557 2.4968562 0.0257799 0.0449477 2.4919677 2.5048241 0.0449477 0.0258221 0.0825858 2.5048241 
Yersinia_pseudotuberculosis__GCA_902171905.1 2.5145557 0.0632435 0.0668199 0.0704731 0.0704731 2.5052123 2.5324142 0.0667092 2.5184628 0.0141092 0.0704731 0.0667092 0.0257799 0.0668199 0.0228082 0.0634188 0.0055788 0.0055788 0.0634188 0.0591645 0.0084389 0.0084389 0.0672602 0.0141092 2.4968562 0.0670335 0.0670335 2.5052123 0.0632435 2.5207655 2.5029518 2.5029518 2.4981862 2.4981862 0.0000010 0.0000000 0.0112476 0.0112476 0.0113090 2.5184229 0.0437254 2.5184229 0.0636828 2.5207655 0.0033294 2.4919677 2.5145557 2.4968562 0.0257799 0.0449477 2.4919677 2.5048241 0.0449477 0.0258221 0.0825858 2.5048241 
Yersinia_similis__GCF_902173105.1            2.5147940 0.0699381 0.0735703 0.0735037 0.0735037 2.5054637 2.5326204 0.0666148 2.5186941 0.0084305 0.0735037 0.0666148 0.0199633 0.0735703 0.0170318 0.0633263 0.0112374 0.0112374 0.0633263 0.0556919 0.0199476 0.0199476 0.0702812 0.0084305 2.4971226 0.0700416 0.0700416 2.5054637 0.0699381 2.5209883 2.5032065 2.5032065 2.4984504 2.4984504 0.0112476 0.0112476 0.0000000 0.0000010 0.0229107 2.5186522 0.0391752 2.5186522 0.0666699 2.5209883 0.0135036 2.4922426 2.5147940 2.4971226 0.0199633 0.0448719 2.4922426 2.5050775 0.0448719 0.0199955 0.0824833 2.5050775 
Yersinia_similis__GCF_902173255.1            2.5147940 0.0699381 0.0735703 0.0735037 0.0735037 2.5054637 2.5326204 0.0666148 2.5186941 0.0084305 0.0735037 0.0666148 0.0199633 0.0735703 0.0170318 0.0633263 0.0112374 0.0112374 0.0633263 0.0556919 0.0199476 0.0199476 0.0702812 0.0084305 2.4971226 0.0700416 0.0700416 2.5054637 0.0699381 2.5209883 2.5032065 2.5032065 2.4984504 2.4984504 0.0112476 0.0112476 0.0000010 0.0000000 0.0229107 2.5186522 0.0391752 2.5186522 0.0666699 2.5209883 0.0135036 2.4922426 2.5147940 2.4971226 0.0199633 0.0448719 2.4922426 2.5050775 0.0448719 0.0199955 0.0824833 2.5050775 
Yersinia_mollaretii__GCF_902387525.1         2.5189681 0.0705309 0.0741698 0.0778933 0.0847700 2.4856245 2.5127479 0.0740581 2.4986730 0.0141195 0.0847700 0.0740581 0.0257891 0.0741698 0.0228186 0.0774538 0.0170481 0.0170481 0.0774538 0.0663382 0.0027896 0.0027896 0.0815011 0.0141195 2.4772086 0.0812097 0.0812097 2.4856245 0.0705309 2.5013679 2.4834105 2.4834105 2.4785351 2.4785351 0.0113090 0.0113090 0.0229107 0.0229107 0.0000000 2.4988037 0.0579865 2.4988037 0.0777354 2.5013679 0.0000010 2.4723162 2.5189681 2.4772086 0.0257891 0.0483053 2.4723162 2.4851362 0.0483053 0.0258313 0.0903580 2.4851362 
Yersinia_rohdei__GCF_001223385.1             0.0215892 2.6163242 2.5822859 2.5869766 2.5864874 0.0060190 0.0075611 2.5951324 0.0091054 2.5173935 2.5864874 2.5951324 2.5425605 2.5822859 2.5307954 2.5885456 2.5291088 2.5291088 2.5885456 2.5792817 2.4981966 2.4981966 2.5909249 2.5173935 0.0137697 2.6000288 2.6000288 0.0060190 2.6163242 0.0156036 0.0060131 0.0060131 0.0106362 0.0106362 2.5184229 2.5184229 2.5186522 2.5186522 2.4988037 0.0000000 2.6930228 0.0000010 2.5938768 0.0156036 2.5780653 0.0075539 0.0215892 0.0137697 2.5425605 2.5319990 0.0075539 0.0106514 2.5319990 2.5493465 2.6621254 0.0106514 
Yersinia_frederiksenii__GCF_001142745.1      2.6787828 0.1018160 0.0964244 0.0963157 0.0911007 2.6930228 2.6930228 0.0910158 2.7163325 0.0437939 0.0911007 0.0910158 0.0626966 0.0964244 0.0578359 0.0858840 0.0436713 0.0436713 0.0858840 0.0646254 0.0579865 0.0579865 0.0911007 0.0437939 2.6812107 0.0964011 0.0964011 2.6930228 0.1018160 2.7136576 2.6889390 2.6889390 2.6832713 2.6832713 0.0437254 0.0437254 0.0391752 0.0391752 0.0579865 2.6930228 0.0000000 2.6930228 0.0911007 2.7136576 0.0169767 2.6738506 2.6787828 2.6812107 0.0626966 0.0747878 2.6738506 2.6938865 0.0747878 0.0578359 0.1226567 2.6938865 
Yersinia_rohdei__GCF_001152185.1             0.0215892 2.6163242 2.5822859 2.5869766 2.5864874 0.0060190 0.0075611 2.5951324 0.0091054 2.5173935 2.5864874 2.5951324 2.5425605 2.5822859 2.5307954 2.5885456 2.5291088 2.5291088 2.5885456 2.5792817 2.4981966 2.4981966 2.5909249 2.5173935 0.0137697 2.6000288 2.6000288 0.0060190 2.6163242 0.0156036 0.0060131 0.0060131 0.0106362 0.0106362 2.5184229 2.5184229 2.5186522 2.5186522 2.4988037 0.0000010 2.6930228 0.0000000 2.5938768 0.0156036 2.5780653 0.0075539 0.0215892 0.0137697 2.5425605 2.5319990 0.0075539 0.0106514 2.5319990 2.5493465 2.6621254 0.0106514 
Yersinia_massiliensis__GCF_001142305.1       2.5906522 0.0112695 0.0084339 0.0055720 0.0055720 2.5800620 2.6085711 0.0055526 2.5946106 0.0701864 0.0055720 0.0055526 0.0842558 0.0084339 0.0806608 0.0027740 0.0667080 0.0667080 0.0027740 0.0029256 0.0741817 0.0741817 0.0056109 0.0701864 2.5716414 0.0027754 0.0027754 2.5800620 0.0112695 2.5804510 2.5775383 2.5775383 2.5730322 2.5730322 0.0636828 0.0636828 0.0666699 0.0666699 0.0777354 2.5938768 0.0911007 2.5938768 0.0000000 2.5804510 0.0679572 2.5665923 2.5906522 2.5716414 0.0842558 0.0772657 2.5665923 2.5800552 0.0772657 0.0843945 0.0335208 2.5800552 
Yersinia_frederiksenii__GCF_001222845.1      0.0254490 2.5967233 2.5689180 2.5735491 2.5730531 0.0124223 0.0140435 2.5816798 0.0156569 2.5197461 2.5730531 2.5816798 2.5446309 2.5689180 2.5330055 2.5751822 2.5313263 2.5313263 2.5751822 2.5652540 2.5007660 2.5007660 2.5774294 2.5197461 0.0237412 2.5805620 2.5805620 0.0124223 2.5967233 0.0000010 0.0124096 0.0124096 0.0108502 0.0108502 2.5207655 2.5207655 2.5209883 2.5209883 2.5013679 0.0156036 2.7136576 0.0156036 2.5804510 0.0000000 2.5800841 0.0140277 0.0254490 0.0237412 2.5446309 2.5342437 0.0140277 0.0076951 2.5342437 2.5513580 2.6418637 0.0076951 
Yersinia_bercovieri__GCF_001319955.1         2.6027541 0.0635311 0.0677685 0.0721061 0.0721061 2.5618544 2.5953210 0.0676371 2.5787572 0.0100682 0.0721061 0.0676371 0.0238899 0.0677685 0.0203680 0.0676371 0.0100442 0.0100442 0.0676371 0.0676371 0.0000010 0.0000010 0.0721061 0.0100682 2.5518870 0.0719675 0.0719675 2.5618544 0.0635311 2.5800841 2.5589415 2.5589415 2.5535180 2.5535180 0.0033294 0.0033294 0.0135036 0.0135036 0.0000010 2.5780653 0.0169767 2.5780653 0.0679572 2.5800841 0.0000000 2.5459484 2.6027541 2.5518870 0.0238899 0.0429885 2.5459484 2.5617334 0.0429885 0.0239364 0.0866292 2.5617334 
Yersinia_enterocolitica__GCF_001220145.1     0.0251171 2.5889899 2.5549371 2.5595795 2.5590687 0.0045089 0.0060417 2.5678127 0.0045221 2.4909559 2.5590687 2.5678127 2.5161065 2.5549371 2.5042625 2.5613050 2.5027054 2.5027054 2.5613050 2.5505227 2.4717260 2.4717260 2.5634507 2.4909559 0.0091007 2.5727061 2.5727061 0.0045089 2.5889899 0.0140277 0.0045045 0.0045045 0.0060379 0.0060379 2.4919677 2.4919677 2.4922426 2.4922426 2.4723162 0.0075539 2.6738506 0.0075539 2.5665923 0.0140277 2.5459484 0.0000000 0.0251171 0.0091007 2.5161065 2.5048811 0.0000010 0.0060464 2.5048811 2.5226533 2.6343736 0.0060464 
Yersinia_pestis__GCF_000324045.1             0.0000010 2.6072312 2.5789357 2.5836682 2.5831713 0.0202778 0.0203258 2.5919163 0.0235813 2.5135188 2.5831713 2.5919163 2.5389310 2.5789357 2.5270388 2.5852722 2.5253542 2.5253542 2.5852722 2.5757247 2.5183467 2.5183467 2.5876475 2.5135188 0.0317100 2.5907736 2.5907736 0.0202778 2.6072312 0.0254490 0.0234445 0.0234445 0.0186536 0.0186536 2.5145557 2.5145557 2.5147940 2.5147940 2.5189681 0.0215892 2.6787828 0.0215892 2.5906522 0.0254490 2.6027541 0.0251171 0.0000000 0.0317100 2.5389310 2.5281706 0.0251171 0.0218990 2.5281706 2.5457509 2.6533658 0.0218990 
Yersinia_hibernica__GCF_000597945.1          0.0317100 2.5940505 2.5599968 2.5646487 2.5641417 0.0137473 0.0153509 2.5728684 0.0137889 2.4958410 2.5641417 2.5728684 2.5209973 2.5599968 2.5091666 2.5663454 2.5075854 2.5075854 2.5663454 2.5558426 2.4766152 2.4766152 2.5685345 2.4958410 0.0000010 2.5777628 2.5777628 0.0137473 2.5940505 0.0237412 0.0137335 0.0137335 0.0122043 0.0122043 2.4968562 2.4968562 2.4971226 2.4971226 2.4772086 0.0137697 2.6812107 0.0137697 2.5716414 0.0237412 2.5518870 0.0091007 0.0317100 0.0000000 2.5209973 2.5098929 0.0091007 0.0153602 2.5098929 2.5275887 2.6395160 0.0153602 
Yersinia_entomophaga__GCF_001656035.1        2.5389310 0.0807529 0.0844798 0.0844087 0.0914324 2.5292920 2.5566301 0.0773172 2.5428124 0.0112483 0.0914324 0.0773172 0.0000010 0.0844798 0.0027851 0.0807472 0.0257576 0.0257576 0.0807472 0.0662068 0.0228110 0.0228110 0.0881269 0.0112483 2.5209973 0.0878020 0.0878020 2.5292920 0.0807529 2.5446309 2.5269714 2.5269714 2.5223335 2.5223335 0.0257799 0.0257799 0.0199633 0.0199633 0.0257891 2.5425605 0.0626966 2.5425605 0.0842558 2.5446309 0.0238899 2.5161065 2.5389310 2.5209973 0.0000000 0.0450308 2.5161065 2.5290264 0.0450308 0.0056056 0.0938370 2.5290264 
Yersinia_ruckeri__GCF_001883155.1            2.5281706 0.0738303 0.0774921 0.0774238 0.0774238 2.5184238 2.5463901 0.0704713 2.5321619 0.0386162 0.0774238 0.0704713 0.0450308 0.0774921 0.0418352 0.0738315 0.0449096 0.0449096 0.0738315 0.0591840 0.0450665 0.0450665 0.0741882 0.0386162 2.5098929 0.0807328 0.0807328 2.5184238 0.0738303 2.5342437 2.5160732 2.5160732 2.5112597 2.5112597 0.0449477 0.0449477 0.0448719 0.0448719 0.0483053 2.5319990 0.0747878 2.5319990 0.0772657 2.5342437 0.0429885 2.5048811 2.5281706 2.5098929 0.0450308 0.0000000 2.5048811 2.5180947 0.0000010 0.0451081 0.0824525 2.5180947 
Yersinia_enterocolitica__GCA_028855385.1     0.0251171 2.5889899 2.5549371 2.5595795 2.5590687 0.0045089 0.0060417 2.5678127 0.0045221 2.4909559 2.5590687 2.5678127 2.5161065 2.5549371 2.5042625 2.5613050 2.5027054 2.5027054 2.5613050 2.5505227 2.4717260 2.4717260 2.5634507 2.4909559 0.0091007 2.5727061 2.5727061 0.0045089 2.5889899 0.0140277 0.0045045 0.0045045 0.0060379 0.0060379 2.4919677 2.4919677 2.4922426 2.4922426 2.4723162 0.0075539 2.6738506 0.0075539 2.5665923 0.0140277 2.5459484 0.0000010 0.0251171 0.0091007 2.5161065 2.5048811 0.0000000 0.0060464 2.5048811 2.5226533 2.6343736 0.0060464 
Yersinia_enterocolitica__GCA_028990795.1     0.0218990 2.5964986 2.5684000 2.5730789 2.5725773 0.0075693 0.0091282 2.5812964 0.0075918 2.5038010 2.5725773 2.5812964 2.5290264 2.5684000 2.5171894 2.5747318 2.5155650 2.5155650 2.5747318 2.5646688 2.4845362 2.4845362 2.5769988 2.5038010 0.0153602 2.5801671 2.5801671 0.0075693 2.5964986 0.0076951 0.0075618 0.0075618 0.0030055 0.0030055 2.5048241 2.5048241 2.5050775 2.5050775 2.4851362 0.0106514 2.6938865 0.0106514 2.5800552 0.0076951 2.5617334 0.0060464 0.0218990 0.0153602 2.5290264 2.5180947 0.0060464 0.0000000 2.5180947 2.5357071 2.6421231 0.0000010 
Yersinia_ruckeri__GCF_021399095.1            2.5281706 0.0738303 0.0774921 0.0774238 0.0774238 2.5184238 2.5463901 0.0704713 2.5321619 0.0386162 0.0774238 0.0704713 0.0450308 0.0774921 0.0418352 0.0738315 0.0449096 0.0449096 0.0738315 0.0591840 0.0450665 0.0450665 0.0741882 0.0386162 2.5098929 0.0807328 0.0807328 2.5184238 0.0738303 2.5342437 2.5160732 2.5160732 2.5112597 2.5112597 0.0449477 0.0449477 0.0448719 0.0448719 0.0483053 2.5319990 0.0747878 2.5319990 0.0772657 2.5342437 0.0429885 2.5048811 2.5281706 2.5098929 0.0450308 0.0000010 2.5048811 2.5180947 0.0000000 0.0451081 0.0824525 2.5180947 
Yersinia_nurmii__GCF_030385015.1             2.5457509 0.0808874 0.0846185 0.0845473 0.0915790 2.5359410 2.5635685 0.0774470 2.5496613 0.0112659 0.0915790 0.0774470 0.0056056 0.0846185 0.0027893 0.0808815 0.0257998 0.0257998 0.0808815 0.0663261 0.0228481 0.0228481 0.0882707 0.0112659 2.5275887 0.0879448 0.0879448 2.5359410 0.0808874 2.5513580 2.5335828 2.5335828 2.5289386 2.5289386 0.0258221 0.0258221 0.0199955 0.0199955 0.0258313 2.5493465 0.0578359 2.5493465 0.0843945 2.5513580 0.0239364 2.5226533 2.5457509 2.5275887 0.0056056 0.0451081 2.5226533 2.5357071 0.0451081 0.0000000 0.0939878 2.5357071 
Yersinia_fenwicki__GCF_043099325.1           2.6533658 0.0242383 0.0336791 0.0336409 0.0398397 2.6478962 2.6773198 0.0273468 2.6635326 0.0792177 0.0398397 0.0273468 0.0938370 0.0336791 0.0901081 0.0304121 0.0786452 0.0786452 0.0304121 0.0289722 0.0866455 0.0866455 0.0401366 0.0792177 2.6395160 0.0304270 0.0304270 2.6478962 0.0242383 2.6418637 2.6451529 2.6451529 2.6348340 2.6348340 0.0825858 0.0825858 0.0824833 0.0824833 0.0903580 2.6621254 0.1226567 2.6621254 0.0335208 2.6418637 0.0866292 2.6343736 2.6533658 2.6395160 0.0938370 0.0824525 2.6343736 2.6421231 0.0824525 0.0939878 0.0000000 2.6421231 
Yersinia_enterocolitica__GCA_051625535.1     0.0218990 2.5964986 2.5684000 2.5730789 2.5725773 0.0075693 0.0091282 2.5812964 0.0075918 2.5038010 2.5725773 2.5812964 2.5290264 2.5684000 2.5171894 2.5747318 2.5155650 2.5155650 2.5747318 2.5646688 2.4845362 2.4845362 2.5769988 2.5038010 0.0153602 2.5801671 2.5801671 0.0075693 2.5964986 0.0076951 0.0075618 0.0075618 0.0030055 0.0030055 2.5048241 2.5048241 2.5050775 2.5050775 2.4851362 0.0106514 2.6938865 0.0106514 2.5800552 0.0076951 2.5617334 0.0060464 0.0218990 0.0153602 2.5290264 2.5180947 0.0060464 0.0000010 2.5180947 2.5357071 2.6421231 0.0000000 
