169
Yersinia_pseudotuberculosis__GCF_000511675.1    0.0000000 0.0230129 0.0000010 0.0259860 0.0243188 0.0259860 0.0256436 0.0243188 0.0243327 0.0243327 0.0273038 0.0273038 0.0012531 0.0025083 0.0273075 0.0025138 0.0299703 0.0256436 0.0338623 0.0258100 0.0258100 0.0230244 0.0283177 0.0295598 0.0295598 0.0308938 0.0299703 0.0262213 0.0257038 0.0256320 0.0262213 0.0259665 0.0259665 0.0296139 0.0273069 0.0273066 0.0296139 0.0230244 0.0345871 0.0256402 0.0256402 0.0270038 0.0273151 0.0321809 0.0345871 0.0308938 0.0321834 0.0309160 0.0390678 0.0441071 0.0390678 0.0256177 0.0256177 0.0256775 0.0256775 0.0230129 0.0366191 0.0366168 0.0338623 0.0400604 0.0352782 0.0352782 0.0012531 0.0347403 0.0321834 0.0273151 0.0025083 0.0373984 0.0373984 0.0025138 0.0379550 0.0366168 0.0321809 0.0325663 0.0312422 0.0312422 0.0283177 0.0256320 0.0296082 0.0243645 0.0336791 0.0246147 0.0246147 0.0320899 0.0347403 0.0334035 0.0334035 0.0320899 0.0270051 0.0309160 0.0283217 0.0283217 0.0269726 0.0269726 0.0257167 0.0256342 0.0256342 1.9992010 0.0321694 0.0321694 0.0359772 0.0359772 0.0050319 0.0037654 0.0335887 0.0270051 0.0257167 0.0335887 0.0037654 0.0307850 0.0257038 0.0273069 0.0273066 4.0994417 0.0000010 0.0000010 0.0012546 0.0336791 0.0379550 0.0441071 0.0000010 0.0000010 1.9934961 2.2300563 0.0103210 0.0068427 0.0000010 4.9364724 0.0296441 0.0855782 0.0855782 0.0406870 0.0012542 0.0270038 0.0273062 0.0256231 1.9814771 0.0400604 0.0353841 0.0394844 0.0256418 0.0353841 0.0381241 0.0394844 0.0260378 0.0256314 0.0289537 0.0256285 0.0256824 0.0256285 0.0256368 0.0256327 0.0256327 0.0012546 0.0012554 0.0246510 0.0269417 0.0296082 0.0256373 0.0256231 0.0256268 0.0256287 0.0073956 0.0256342 0.0256364 0.0256431 0.0256431 0.0269417 0.0243645 
Yersinia_enterocolitica__GCF_001598735.1        0.0230129 0.0000000 0.0230129 0.0037683 0.0012507 0.0037683 0.0025056 0.0012507 0.0012514 0.0012514 0.0050285 0.0050285 0.0243105 0.0256114 0.0050291 0.0256696 0.0126349 0.0025056 0.0229557 0.0037719 0.0037719 0.0025015 0.0255829 0.0314692 0.0314692 0.0328234 0.0126349 0.0114274 0.0025115 0.0025045 0.0114274 0.0113456 0.0113456 0.0268704 0.0050291 0.0050290 0.0268704 0.0025015 0.0348293 0.0025053 0.0025053 0.0268845 0.0126307 0.0308139 0.0348293 0.0328234 0.0341293 0.0281633 0.0268031 0.0542893 0.0268031 0.0025032 0.0025032 0.0025091 0.0025091 0.0000010 0.0241835 0.0241816 0.0229557 0.0498859 0.0228864 0.0228864 0.0243105 0.0326324 0.0341293 0.0126307 0.0256114 0.0376061 0.0376061 0.0256696 0.0254776 0.0241816 0.0308139 0.0321572 0.0308460 0.0308460 0.0255829 0.0025045 0.0062895 0.0037618 0.0171836 0.0100568 0.0100568 0.0313117 0.0326324 0.0326367 0.0326367 0.0313117 0.0242809 0.0281633 0.0255865 0.0255865 0.0275568 0.0275568 0.0075614 0.0025047 0.0025047 1.9899040 0.0341142 0.0341142 0.0361822 0.0361822 0.0282591 0.0269131 0.0355587 0.0242809 0.0075614 0.0355587 0.0269131 0.0326239 0.0025115 0.0050291 0.0050290 4.1141912 0.0086042 0.0238627 0.0243416 0.0171836 0.0254776 0.0542893 0.0278433 0.0278433 1.9841973 2.2332182 0.0103893 0.0137574 0.0233073 4.9121216 0.0268975 0.1073335 0.1073335 0.0459946 0.0243340 0.0268845 0.0050288 0.0025037 1.9722004 0.0498859 0.0215826 0.0255079 0.0025055 0.0215826 0.0242023 0.0255079 0.0037758 0.0025045 0.0017622 0.0025042 0.0025095 0.0025042 0.0025050 0.0025046 0.0025046 0.0243416 0.0243564 0.0100765 0.0037607 0.0062895 0.0025050 0.0025037 0.0025040 0.0025042 0.0000010 0.0025047 0.0025049 0.0025056 0.0025056 0.0037607 0.0037618 
Yersinia_pseudotuberculosis__GCF_030294965.1    0.0000010 0.0230129 0.0000000 0.0259860 0.0243188 0.0259860 0.0256436 0.0243188 0.0243327 0.0243327 0.0273038 0.0273038 0.0012531 0.0025083 0.0273075 0.0025138 0.0299703 0.0256436 0.0338623 0.0258100 0.0258100 0.0230244 0.0283177 0.0295598 0.0295598 0.0308938 0.0299703 0.0262213 0.0257038 0.0256320 0.0262213 0.0259665 0.0259665 0.0296139 0.0273069 0.0273066 0.0296139 0.0230244 0.0345871 0.0256402 0.0256402 0.0270038 0.0273151 0.0321809 0.0345871 0.0308938 0.0321834 0.0309160 0.0390678 0.0441071 0.0390678 0.0256177 0.0256177 0.0256775 0.0256775 0.0230129 0.0366191 0.0366168 0.0338623 0.0400604 0.0352782 0.0352782 0.0012531 0.0347403 0.0321834 0.0273151 0.0025083 0.0373984 0.0373984 0.0025138 0.0379550 0.0366168 0.0321809 0.0325663 0.0312422 0.0312422 0.0283177 0.0256320 0.0296082 0.0243645 0.0336791 0.0246147 0.0246147 0.0320899 0.0347403 0.0334035 0.0334035 0.0320899 0.0270051 0.0309160 0.0283217 0.0283217 0.0269726 0.0269726 0.0257167 0.0256342 0.0256342 1.9992010 0.0321694 0.0321694 0.0359772 0.0359772 0.0050319 0.0037654 0.0335887 0.0270051 0.0257167 0.0335887 0.0037654 0.0307850 0.0257038 0.0273069 0.0273066 4.0994417 0.0000010 0.0000010 0.0012546 0.0336791 0.0379550 0.0441071 0.0000010 0.0000010 1.9934961 2.2300563 0.0103210 0.0068427 0.0000010 4.9364724 0.0296441 0.0855782 0.0855782 0.0406870 0.0012542 0.0270038 0.0273062 0.0256231 1.9814771 0.0400604 0.0353841 0.0394844 0.0256418 0.0353841 0.0381241 0.0394844 0.0260378 0.0256314 0.0289537 0.0256285 0.0256824 0.0256285 0.0256368 0.0256327 0.0256327 0.0012546 0.0012554 0.0246510 0.0269417 0.0296082 0.0256373 0.0256231 0.0256268 0.0256287 0.0073956 0.0256342 0.0256364 0.0256431 0.0256431 0.0269417 0.0243645 
Yersinia_enterocolitica__GCA_029890075.1        0.0259860 0.0037683 0.0259860 0.0000000 0.0050300 0.0000010 0.0037674 0.0050300 0.0025087 0.0025087 0.0012511 0.0012511 0.0273032 0.0286236 0.0012513 0.0286896 0.0139006 0.0037674 0.0243188 0.0012527 0.0012527 0.0062879 0.0248642 0.0346053 0.0346053 0.0359801 0.0139006 0.0126987 0.0037763 0.0037658 0.0126987 0.0126082 0.0126082 0.0261737 0.0012513 0.0012513 0.0261737 0.0062879 0.0324243 0.0037670 0.0037670 0.0261877 0.0138960 0.0301794 0.0324243 0.0359801 0.0373009 0.0274880 0.0281452 0.0539804 0.0281452 0.0037638 0.0037638 0.0037727 0.0037727 0.0037683 0.0229230 0.0229211 0.0243188 0.0503994 0.0216265 0.0216265 0.0273032 0.0329697 0.0373009 0.0138960 0.0286236 0.0381582 0.0381582 0.0286896 0.0242166 0.0229211 0.0301794 0.0315425 0.0302114 0.0302114 0.0248642 0.0037658 0.0050168 0.0075647 0.0158420 0.0139035 0.0139035 0.0316391 0.0329697 0.0329740 0.0329740 0.0316391 0.0235401 0.0274880 0.0248679 0.0248679 0.0306451 0.0306451 0.0062827 0.0037661 0.0037661 1.9899040 0.0372841 0.0372841 0.0367175 0.0367175 0.0313144 0.0299443 0.0387575 0.0235401 0.0062827 0.0387575 0.0299443 0.0329610 0.0037763 0.0012513 0.0012513 4.1137746 0.0115460 0.0269587 0.0273387 0.0158420 0.0242166 0.0539804 0.0322742 0.0322742 1.9841973 2.2332182 0.0157609 0.0161318 0.0267037 4.9121216 0.0262005 0.1122821 0.1122821 0.0487997 0.0273301 0.0261877 0.0012512 0.0037645 1.9722004 0.0503994 0.0203240 0.0242455 0.0037673 0.0203240 0.0229409 0.0242455 0.0012510 0.0037657 0.0035363 0.0037653 0.0050233 0.0037653 0.0037665 0.0037659 0.0037659 0.0273387 0.0273555 0.0113378 0.0050263 0.0050168 0.0037665 0.0037645 0.0037650 0.0037654 0.0024587 0.0037661 0.0037664 0.0037674 0.0037674 0.0050263 0.0075647 
Yersinia_enterocolitica__GCA_050445005.1        0.0243188 0.0012507 0.0243188 0.0050300 0.0000000 0.0050300 0.0037626 0.0000010 0.0025055 0.0025055 0.0062926 0.0062926 0.0256189 0.0269223 0.0062934 0.0269836 0.0139140 0.0037626 0.0242579 0.0050348 0.0050348 0.0037564 0.0268923 0.0328083 0.0328083 0.0341658 0.0139140 0.0127110 0.0037715 0.0037610 0.0127110 0.0126203 0.0126203 0.0281817 0.0062934 0.0062933 0.0281817 0.0037564 0.0361906 0.0037622 0.0037622 0.0281965 0.0139094 0.0321340 0.0361906 0.0341658 0.0354728 0.0294766 0.0281109 0.0557162 0.0281109 0.0037590 0.0037590 0.0037679 0.0037679 0.0012507 0.0254848 0.0254828 0.0242579 0.0513028 0.0241849 0.0241849 0.0256189 0.0339666 0.0354728 0.0139094 0.0269223 0.0389826 0.0389826 0.0269836 0.0267814 0.0254828 0.0321340 0.0334812 0.0321675 0.0321675 0.0268923 0.0037610 0.0075558 0.0050213 0.0184971 0.0113266 0.0113266 0.0326438 0.0339666 0.0339710 0.0339710 0.0326438 0.0255877 0.0294766 0.0268962 0.0268962 0.0288925 0.0288925 0.0088316 0.0037613 0.0037613 1.9998468 0.0354570 0.0354570 0.0375543 0.0375543 0.0295770 0.0282265 0.0369081 0.0255877 0.0088316 0.0369081 0.0282265 0.0339578 0.0037715 0.0062934 0.0062933 4.1497352 0.0115025 0.0252178 0.0256517 0.0184971 0.0267814 0.0557162 0.0278433 0.0278433 1.9941083 2.2496520 0.0103893 0.0160835 0.0233073 5.0615742 0.0282102 0.1091721 0.1091721 0.0486460 0.0256438 0.0281965 0.0062931 0.0037597 1.9820170 0.0513028 0.0228778 0.0268133 0.0037625 0.0228778 0.0255047 0.0268133 0.0050401 0.0037609 0.0017622 0.0037606 0.0037685 0.0037606 0.0037617 0.0037611 0.0037611 0.0256517 0.0256673 0.0113488 0.0050199 0.0075558 0.0037617 0.0037597 0.0037602 0.0037606 0.0024507 0.0037613 0.0037616 0.0037626 0.0037626 0.0050199 0.0050213 
Yersinia_enterocolitica__GCA_050442745.1        0.0259860 0.0037683 0.0259860 0.0000010 0.0050300 0.0000000 0.0037674 0.0050300 0.0025087 0.0025087 0.0012511 0.0012511 0.0273032 0.0286236 0.0012513 0.0286896 0.0139006 0.0037674 0.0243188 0.0012527 0.0012527 0.0062879 0.0248642 0.0346053 0.0346053 0.0359801 0.0139006 0.0126987 0.0037763 0.0037658 0.0126987 0.0126082 0.0126082 0.0261737 0.0012513 0.0012513 0.0261737 0.0062879 0.0324243 0.0037670 0.0037670 0.0261877 0.0138960 0.0301794 0.0324243 0.0359801 0.0373009 0.0274880 0.0281452 0.0539804 0.0281452 0.0037638 0.0037638 0.0037727 0.0037727 0.0037683 0.0229230 0.0229211 0.0243188 0.0503994 0.0216265 0.0216265 0.0273032 0.0329697 0.0373009 0.0138960 0.0286236 0.0381582 0.0381582 0.0286896 0.0242166 0.0229211 0.0301794 0.0315425 0.0302114 0.0302114 0.0248642 0.0037658 0.0050168 0.0075647 0.0158420 0.0139035 0.0139035 0.0316391 0.0329697 0.0329740 0.0329740 0.0316391 0.0235401 0.0274880 0.0248679 0.0248679 0.0306451 0.0306451 0.0062827 0.0037661 0.0037661 1.9899040 0.0372841 0.0372841 0.0367175 0.0367175 0.0313144 0.0299443 0.0387575 0.0235401 0.0062827 0.0387575 0.0299443 0.0329610 0.0037763 0.0012513 0.0012513 4.1137746 0.0115460 0.0269587 0.0273387 0.0158420 0.0242166 0.0539804 0.0322742 0.0322742 1.9841973 2.2332182 0.0157609 0.0161318 0.0267037 4.9121216 0.0262005 0.1122821 0.1122821 0.0487997 0.0273301 0.0261877 0.0012512 0.0037645 1.9722004 0.0503994 0.0203240 0.0242455 0.0037673 0.0203240 0.0229409 0.0242455 0.0012510 0.0037657 0.0035363 0.0037653 0.0050233 0.0037653 0.0037665 0.0037659 0.0037659 0.0273387 0.0273555 0.0113378 0.0050263 0.0050168 0.0037665 0.0037645 0.0037650 0.0037654 0.0024587 0.0037661 0.0037664 0.0037674 0.0037674 0.0050263 0.0075647 
Yersinia_enterocolitica__GCA_050442725.1        0.0256436 0.0025056 0.0256436 0.0037674 0.0037626 0.0037674 0.0000000 0.0037626 0.0012511 0.0012511 0.0050273 0.0050273 0.0269470 0.0282539 0.0050279 0.0283183 0.0152051 0.0000010 0.0255789 0.0037710 0.0037710 0.0050172 0.0272509 0.0341720 0.0341720 0.0355337 0.0152051 0.0140060 0.0025109 0.0025039 0.0140060 0.0139063 0.0139063 0.0285535 0.0050279 0.0050278 0.0285535 0.0050172 0.0348213 0.0025047 0.0025047 0.0285687 0.0152001 0.0325459 0.0348213 0.0355337 0.0368428 0.0298616 0.0267970 0.0563577 0.0267970 0.0025026 0.0025026 0.0025085 0.0025085 0.0025056 0.0241780 0.0241761 0.0255789 0.0519082 0.0228812 0.0228812 0.0269470 0.0353260 0.0368428 0.0152001 0.0282539 0.0394736 0.0394736 0.0283183 0.0254718 0.0241761 0.0325459 0.0339067 0.0325802 0.0325802 0.0272509 0.0025039 0.0062880 0.0062874 0.0171796 0.0126067 0.0126067 0.0340002 0.0353260 0.0353306 0.0353306 0.0340002 0.0259324 0.0298616 0.0272549 0.0272549 0.0302500 0.0302500 0.0075596 0.0025042 0.0025042 1.9899040 0.0368263 0.0368263 0.0380314 0.0380314 0.0309173 0.0295613 0.0382851 0.0259324 0.0075596 0.0382851 0.0295613 0.0353168 0.0025109 0.0050279 0.0050278 4.1243274 0.0086042 0.0265933 0.0269817 0.0171796 0.0254718 0.0563577 0.0316866 0.0316866 1.9841973 2.2332182 0.0103893 0.0137574 0.0263060 4.9121216 0.0285827 0.1111175 0.1111175 0.0459946 0.0269733 0.0285687 0.0050276 0.0025031 1.9722004 0.0519082 0.0215777 0.0255021 0.0025049 0.0215777 0.0241969 0.0255021 0.0037749 0.0025039 0.0017616 0.0025036 0.0037576 0.0025036 0.0025044 0.0025040 0.0025040 0.0269817 0.0269981 0.0126315 0.0037598 0.0062880 0.0025044 0.0025031 0.0025034 0.0025036 0.0000010 0.0025042 0.0025043 0.0025050 0.0025050 0.0037598 0.0062874 
Yersinia_enterocolitica__GCA_050442705.1        0.0243188 0.0012507 0.0243188 0.0050300 0.0000010 0.0050300 0.0037626 0.0000000 0.0025055 0.0025055 0.0062926 0.0062926 0.0256189 0.0269223 0.0062934 0.0269836 0.0139140 0.0037626 0.0242579 0.0050348 0.0050348 0.0037564 0.0268923 0.0328083 0.0328083 0.0341658 0.0139140 0.0127110 0.0037715 0.0037610 0.0127110 0.0126203 0.0126203 0.0281817 0.0062934 0.0062933 0.0281817 0.0037564 0.0361906 0.0037622 0.0037622 0.0281965 0.0139094 0.0321340 0.0361906 0.0341658 0.0354728 0.0294766 0.0281109 0.0557162 0.0281109 0.0037590 0.0037590 0.0037679 0.0037679 0.0012507 0.0254848 0.0254828 0.0242579 0.0513028 0.0241849 0.0241849 0.0256189 0.0339666 0.0354728 0.0139094 0.0269223 0.0389826 0.0389826 0.0269836 0.0267814 0.0254828 0.0321340 0.0334812 0.0321675 0.0321675 0.0268923 0.0037610 0.0075558 0.0050213 0.0184971 0.0113266 0.0113266 0.0326438 0.0339666 0.0339710 0.0339710 0.0326438 0.0255877 0.0294766 0.0268962 0.0268962 0.0288925 0.0288925 0.0088316 0.0037613 0.0037613 1.9998468 0.0354570 0.0354570 0.0375543 0.0375543 0.0295770 0.0282265 0.0369081 0.0255877 0.0088316 0.0369081 0.0282265 0.0339578 0.0037715 0.0062934 0.0062933 4.1497352 0.0115025 0.0252178 0.0256517 0.0184971 0.0267814 0.0557162 0.0278433 0.0278433 1.9941083 2.2496520 0.0103893 0.0160835 0.0233073 5.0615742 0.0282102 0.1091721 0.1091721 0.0486460 0.0256438 0.0281965 0.0062931 0.0037597 1.9820170 0.0513028 0.0228778 0.0268133 0.0037625 0.0228778 0.0255047 0.0268133 0.0050401 0.0037609 0.0017622 0.0037606 0.0037685 0.0037606 0.0037617 0.0037611 0.0037611 0.0256517 0.0256673 0.0113488 0.0050199 0.0075558 0.0037617 0.0037597 0.0037602 0.0037606 0.0024507 0.0037613 0.0037616 0.0037626 0.0037626 0.0050199 0.0050213 
Yersinia_enterocolitica__GCA_050440805.1        0.0243327 0.0012514 0.0243327 0.0025087 0.0025055 0.0025087 0.0012511 0.0025055 0.0000000 0.0000010 0.0037661 0.0037661 0.0256336 0.0269378 0.0037666 0.0269992 0.0139218 0.0012511 0.0242718 0.0025111 0.0025111 0.0037585 0.0259262 0.0328276 0.0328276 0.0341859 0.0139218 0.0127182 0.0012540 0.0012505 0.0127182 0.0126274 0.0126274 0.0272271 0.0037666 0.0037665 0.0272271 0.0037585 0.0334607 0.0012509 0.0012509 0.0272416 0.0139172 0.0312111 0.0334607 0.0341859 0.0354937 0.0285333 0.0254912 0.0549156 0.0254912 0.0012499 0.0012499 0.0012528 0.0012528 0.0012514 0.0228789 0.0228770 0.0242718 0.0504763 0.0215848 0.0215848 0.0256336 0.0339865 0.0354937 0.0139172 0.0269378 0.0380820 0.0380820 0.0269992 0.0241700 0.0228770 0.0312111 0.0325679 0.0312439 0.0312439 0.0259262 0.0012505 0.0050246 0.0050241 0.0158667 0.0113329 0.0113329 0.0326629 0.0339865 0.0339909 0.0339909 0.0326629 0.0246102 0.0285333 0.0259299 0.0259299 0.0289095 0.0289095 0.0062924 0.0012506 0.0012506 1.9899040 0.0354779 0.0354779 0.0366442 0.0366442 0.0295941 0.0282428 0.0369299 0.0246102 0.0062924 0.0369299 0.0282428 0.0339776 0.0012540 0.0037666 0.0037665 4.1243274 0.0086042 0.0252329 0.0256665 0.0158667 0.0241700 0.0549156 0.0297723 0.0297723 1.9841973 2.2332182 0.0103893 0.0137574 0.0248117 4.9121216 0.0272549 0.1092579 0.1092579 0.0459946 0.0256585 0.0272416 0.0037664 0.0012501 1.9722004 0.0504763 0.0202848 0.0241988 0.0012510 0.0202848 0.0228967 0.0241988 0.0025137 0.0012505 0.0000010 0.0012504 0.0025022 0.0012504 0.0012508 0.0012506 0.0012506 0.0256665 0.0256821 0.0113552 0.0025037 0.0050246 0.0012508 0.0012501 0.0012503 0.0012504 0.0000010 0.0012506 0.0012507 0.0012511 0.0012511 0.0025037 0.0050241 
Yersinia_enterocolitica__GCA_050442645.1        0.0243327 0.0012514 0.0243327 0.0025087 0.0025055 0.0025087 0.0012511 0.0025055 0.0000010 0.0000000 0.0037661 0.0037661 0.0256336 0.0269378 0.0037666 0.0269992 0.0139218 0.0012511 0.0242718 0.0025111 0.0025111 0.0037585 0.0259262 0.0328276 0.0328276 0.0341859 0.0139218 0.0127182 0.0012540 0.0012505 0.0127182 0.0126274 0.0126274 0.0272271 0.0037666 0.0037665 0.0272271 0.0037585 0.0334607 0.0012509 0.0012509 0.0272416 0.0139172 0.0312111 0.0334607 0.0341859 0.0354937 0.0285333 0.0254912 0.0549156 0.0254912 0.0012499 0.0012499 0.0012528 0.0012528 0.0012514 0.0228789 0.0228770 0.0242718 0.0504763 0.0215848 0.0215848 0.0256336 0.0339865 0.0354937 0.0139172 0.0269378 0.0380820 0.0380820 0.0269992 0.0241700 0.0228770 0.0312111 0.0325679 0.0312439 0.0312439 0.0259262 0.0012505 0.0050246 0.0050241 0.0158667 0.0113329 0.0113329 0.0326629 0.0339865 0.0339909 0.0339909 0.0326629 0.0246102 0.0285333 0.0259299 0.0259299 0.0289095 0.0289095 0.0062924 0.0012506 0.0012506 1.9899040 0.0354779 0.0354779 0.0366442 0.0366442 0.0295941 0.0282428 0.0369299 0.0246102 0.0062924 0.0369299 0.0282428 0.0339776 0.0012540 0.0037666 0.0037665 4.1243274 0.0086042 0.0252329 0.0256665 0.0158667 0.0241700 0.0549156 0.0297723 0.0297723 1.9841973 2.2332182 0.0103893 0.0137574 0.0248117 4.9121216 0.0272549 0.1092579 0.1092579 0.0459946 0.0256585 0.0272416 0.0037664 0.0012501 1.9722004 0.0504763 0.0202848 0.0241988 0.0012510 0.0202848 0.0228967 0.0241988 0.0025137 0.0012505 0.0000010 0.0012504 0.0025022 0.0012504 0.0012508 0.0012506 0.0012506 0.0256665 0.0256821 0.0113552 0.0025037 0.0050246 0.0012508 0.0012501 0.0012503 0.0012504 0.0000010 0.0012506 0.0012507 0.0012511 0.0012511 0.0025037 0.0050241 
Yersinia_enterocolitica__GCA_050440245.1        0.0273038 0.0050285 0.0273038 0.0012511 0.0062926 0.0012511 0.0050273 0.0062926 0.0037661 0.0037661 0.0000000 0.0000010 0.0286228 0.0299451 0.0025046 0.0300142 0.0151766 0.0050273 0.0256190 0.0025074 0.0025074 0.0075516 0.0261869 0.0359515 0.0359515 0.0373289 0.0151766 0.0139796 0.0050391 0.0050251 0.0139796 0.0138803 0.0138803 0.0274972 0.0025046 0.0025046 0.0274972 0.0075516 0.0337790 0.0050267 0.0050267 0.0275120 0.0151716 0.0315091 0.0337790 0.0373289 0.0386503 0.0288127 0.0294481 0.0554055 0.0294481 0.0050225 0.0050225 0.0050343 0.0050343 0.0050285 0.0242159 0.0242139 0.0256190 0.0518079 0.0229170 0.0229170 0.0286228 0.0343026 0.0386503 0.0151716 0.0299451 0.0395368 0.0395368 0.0300142 0.0255116 0.0242139 0.0315091 0.0328753 0.0315425 0.0315425 0.0261869 0.0050251 0.0062761 0.0088326 0.0171468 0.0151797 0.0151797 0.0329706 0.0343026 0.0343071 0.0343071 0.0329706 0.0248610 0.0288127 0.0261907 0.0261907 0.0319896 0.0319896 0.0075454 0.0050256 0.0050256 1.9901184 0.0386328 0.0386328 0.0380923 0.0380923 0.0326416 0.0312676 0.0401122 0.0248610 0.0075454 0.0401122 0.0312676 0.0342936 0.0050391 0.0025046 0.0025046 4.1170510 0.0115460 0.0283264 0.0286601 0.0171468 0.0255116 0.0554055 0.0342033 0.0342033 1.9844120 2.2335123 0.0210808 0.0184638 0.0282090 4.9121216 0.0275255 0.1140899 0.1140899 0.0514366 0.0286511 0.0275120 0.0025045 0.0050234 1.9724152 0.0518079 0.0216116 0.0255420 0.0050271 0.0216116 0.0242347 0.0255420 0.0025041 0.0050250 0.0053104 0.0050245 0.0062843 0.0050245 0.0050261 0.0050253 0.0050253 0.0286601 0.0286777 0.0126078 0.0062880 0.0062761 0.0050261 0.0050234 0.0050241 0.0050245 0.0049256 0.0050256 0.0050259 0.0050273 0.0050273 0.0062880 0.0088326 
Yersinia_enterocolitica__GCA_050444905.1        0.0273038 0.0050285 0.0273038 0.0012511 0.0062926 0.0012511 0.0050273 0.0062926 0.0037661 0.0037661 0.0000010 0.0000000 0.0286228 0.0299451 0.0025046 0.0300142 0.0151766 0.0050273 0.0256190 0.0025074 0.0025074 0.0075516 0.0261869 0.0359515 0.0359515 0.0373289 0.0151766 0.0139796 0.0050391 0.0050251 0.0139796 0.0138803 0.0138803 0.0274972 0.0025046 0.0025046 0.0274972 0.0075516 0.0337790 0.0050267 0.0050267 0.0275120 0.0151716 0.0315091 0.0337790 0.0373289 0.0386503 0.0288127 0.0294481 0.0554055 0.0294481 0.0050225 0.0050225 0.0050343 0.0050343 0.0050285 0.0242159 0.0242139 0.0256190 0.0518079 0.0229170 0.0229170 0.0286228 0.0343026 0.0386503 0.0151716 0.0299451 0.0395368 0.0395368 0.0300142 0.0255116 0.0242139 0.0315091 0.0328753 0.0315425 0.0315425 0.0261869 0.0050251 0.0062761 0.0088326 0.0171468 0.0151797 0.0151797 0.0329706 0.0343026 0.0343071 0.0343071 0.0329706 0.0248610 0.0288127 0.0261907 0.0261907 0.0319896 0.0319896 0.0075454 0.0050256 0.0050256 1.9901184 0.0386328 0.0386328 0.0380923 0.0380923 0.0326416 0.0312676 0.0401122 0.0248610 0.0075454 0.0401122 0.0312676 0.0342936 0.0050391 0.0025046 0.0025046 4.1170510 0.0115460 0.0283264 0.0286601 0.0171468 0.0255116 0.0554055 0.0342033 0.0342033 1.9844120 2.2335123 0.0210808 0.0184638 0.0282090 4.9121216 0.0275255 0.1140899 0.1140899 0.0514366 0.0286511 0.0275120 0.0025045 0.0050234 1.9724152 0.0518079 0.0216116 0.0255420 0.0050271 0.0216116 0.0242347 0.0255420 0.0025041 0.0050250 0.0053104 0.0050245 0.0062843 0.0050245 0.0050261 0.0050253 0.0050253 0.0286601 0.0286777 0.0126078 0.0062880 0.0062761 0.0050261 0.0050234 0.0050241 0.0050245 0.0049256 0.0050256 0.0050259 0.0050273 0.0050273 0.0062880 0.0088326 
Yersinia_pseudotuberculosis__GCF_045865175.1    0.0012531 0.0243105 0.0012531 0.0273032 0.0256189 0.0273032 0.0269470 0.0256189 0.0256336 0.0256336 0.0286228 0.0286228 0.0000000 0.0012534 0.0286267 0.0037737 0.0312938 0.0269470 0.0351880 0.0271214 0.0271214 0.0243228 0.0296281 0.0282580 0.0282580 0.0295892 0.0312938 0.0275435 0.0270102 0.0269349 0.0275435 0.0272825 0.0272825 0.0309257 0.0286260 0.0286258 0.0309257 0.0243228 0.0332509 0.0269434 0.0269434 0.0283119 0.0286345 0.0334944 0.0332509 0.0295892 0.0308780 0.0322293 0.0404013 0.0427543 0.0404013 0.0269198 0.0269198 0.0269825 0.0269825 0.0243105 0.0379523 0.0379501 0.0351880 0.0414198 0.0366093 0.0366093 0.0000010 0.0360549 0.0308780 0.0286345 0.0012534 0.0387588 0.0387588 0.0037737 0.0392902 0.0379501 0.0334944 0.0338915 0.0325655 0.0325655 0.0296281 0.0269349 0.0309198 0.0256670 0.0350018 0.0259270 0.0259270 0.0333993 0.0360549 0.0347151 0.0347151 0.0333993 0.0283133 0.0322293 0.0296324 0.0296324 0.0256734 0.0256734 0.0270238 0.0269371 0.0269371 2.0054391 0.0308646 0.0308646 0.0373336 0.0373336 0.0037716 0.0025088 0.0322780 0.0283133 0.0270238 0.0322780 0.0025088 0.0320926 0.0270102 0.0286260 0.0286258 4.0926382 0.0000010 0.0012985 0.0025113 0.0350018 0.0392902 0.0427543 0.0018111 0.0018111 1.9997198 2.2300563 0.0103210 0.0068427 0.0014275 4.9364724 0.0309573 0.0873357 0.0873357 0.0406870 0.0025104 0.0283119 0.0286254 0.0269254 1.9876532 0.0414198 0.0367189 0.0408278 0.0269451 0.0367189 0.0394649 0.0408278 0.0273576 0.0269341 0.0307968 0.0269312 0.0269877 0.0269312 0.0269399 0.0269356 0.0269356 0.0025113 0.0025127 0.0259652 0.0282469 0.0309198 0.0269404 0.0269254 0.0269293 0.0269313 0.0073956 0.0269371 0.0269394 0.0269464 0.0269464 0.0282469 0.0256670 
Yersinia_pseudotuberculosis__GCF_045865185.1    0.0025083 0.0256114 0.0025083 0.0286236 0.0269223 0.0286236 0.0282539 0.0269223 0.0269378 0.0269378 0.0299451 0.0299451 0.0012534 0.0000000 0.0299492 0.0050358 0.0326208 0.0282539 0.0365175 0.0284361 0.0284361 0.0256244 0.0309421 0.0295672 0.0295672 0.0309015 0.0326208 0.0288686 0.0283201 0.0282411 0.0288686 0.0286017 0.0286017 0.0322411 0.0299484 0.0299482 0.0322411 0.0256244 0.0345960 0.0282500 0.0282500 0.0296236 0.0299572 0.0348116 0.0345960 0.0309015 0.0321914 0.0335464 0.0417390 0.0441187 0.0417390 0.0282252 0.0282252 0.0282910 0.0282910 0.0256114 0.0392895 0.0392872 0.0365175 0.0427833 0.0379442 0.0379442 0.0012534 0.0373734 0.0321914 0.0299572 0.0000010 0.0401232 0.0401232 0.0050358 0.0406294 0.0392872 0.0348116 0.0352203 0.0338924 0.0338924 0.0309421 0.0282411 0.0322349 0.0269728 0.0363285 0.0272423 0.0272423 0.0347125 0.0373734 0.0360306 0.0360306 0.0347125 0.0296251 0.0335464 0.0309466 0.0309466 0.0269793 0.0269793 0.0283344 0.0282435 0.0282435 2.0065252 0.0321775 0.0321775 0.0386939 0.0386939 0.0050330 0.0037663 0.0335972 0.0296251 0.0283344 0.0335972 0.0037663 0.0334038 0.0283201 0.0299484 0.0299482 4.0976319 0.0028546 0.0025992 0.0037700 0.0363285 0.0406294 0.0441187 0.0018111 0.0018111 2.0008046 2.2317150 0.0103210 0.0091377 0.0028576 4.9549045 0.0322742 0.0891011 0.0891011 0.0432896 0.0037688 0.0296236 0.0299478 0.0282312 1.9887322 0.0427833 0.0380576 0.0421752 0.0282518 0.0380576 0.0408097 0.0421752 0.0286805 0.0282403 0.0307968 0.0282372 0.0282964 0.0282372 0.0282463 0.0282419 0.0282419 0.0037700 0.0037723 0.0272825 0.0295556 0.0322349 0.0282469 0.0282312 0.0282353 0.0282373 0.0098774 0.0282435 0.0282459 0.0282532 0.0282532 0.0295556 0.0269728 
Yersinia_enterocolitica__GCF_900169245.1        0.0273075 0.0050291 0.0273075 0.0012513 0.0062934 0.0012513 0.0050279 0.0062934 0.0037666 0.0037666 0.0025046 0.0025046 0.0286267 0.0299492 0.0000000 0.0300184 0.0151786 0.0050279 0.0256224 0.0025077 0.0025077 0.0075526 0.0261905 0.0359566 0.0359566 0.0373343 0.0151786 0.0139814 0.0050398 0.0050258 0.0139814 0.0138820 0.0138820 0.0275010 0.0025049 0.0025049 0.0275010 0.0075526 0.0337838 0.0050274 0.0050274 0.0275157 0.0151736 0.0315135 0.0337838 0.0373343 0.0386558 0.0288166 0.0294520 0.0554141 0.0294520 0.0050231 0.0050231 0.0050349 0.0050349 0.0050291 0.0242191 0.0242171 0.0256224 0.0518158 0.0229201 0.0229201 0.0286267 0.0343074 0.0386558 0.0151736 0.0299492 0.0395425 0.0395425 0.0300184 0.0255150 0.0242171 0.0315135 0.0328799 0.0315469 0.0315469 0.0261905 0.0050258 0.0062769 0.0088337 0.0171490 0.0151817 0.0151817 0.0329752 0.0343074 0.0343119 0.0343119 0.0329752 0.0248644 0.0288166 0.0261943 0.0261943 0.0319941 0.0319941 0.0075463 0.0050262 0.0050262 1.9911108 0.0386383 0.0386383 0.0380979 0.0380979 0.0326461 0.0312719 0.0401179 0.0248644 0.0075463 0.0401179 0.0312719 0.0342984 0.0050398 0.0025049 0.0025049 4.1137746 0.0115460 0.0283304 0.0286640 0.0171490 0.0255150 0.0554141 0.0342103 0.0342103 1.9854010 2.2343451 0.0157609 0.0161318 0.0282134 4.9121216 0.0275293 0.1122821 0.1122821 0.0487997 0.0286551 0.0275157 0.0025048 0.0050241 1.9733944 0.0518158 0.0216144 0.0255454 0.0050277 0.0216144 0.0242380 0.0255454 0.0025044 0.0050257 0.0053113 0.0050252 0.0062850 0.0050252 0.0050267 0.0050259 0.0050259 0.0286640 0.0286817 0.0126094 0.0062888 0.0062769 0.0050267 0.0050241 0.0050247 0.0050252 0.0024587 0.0050262 0.0050265 0.0050279 0.0050279 0.0062888 0.0088337 
Yersinia_pseudotuberculosis__GCA_900460665.1    0.0025138 0.0256696 0.0025138 0.0286896 0.0269836 0.0286896 0.0283183 0.0269836 0.0269992 0.0269992 0.0300142 0.0300142 0.0037737 0.0050358 0.0300184 0.0000000 0.0326964 0.0283183 0.0366023 0.0285014 0.0285014 0.0256827 0.0310131 0.0322560 0.0322560 0.0335995 0.0326964 0.0289354 0.0283849 0.0283055 0.0289354 0.0286676 0.0286676 0.0323152 0.0300175 0.0300173 0.0323152 0.0256827 0.0373671 0.0283145 0.0283145 0.0296915 0.0300264 0.0348916 0.0373671 0.0335995 0.0348944 0.0336235 0.0418365 0.0469500 0.0418365 0.0282896 0.0282896 0.0283556 0.0283556 0.0256696 0.0393812 0.0393789 0.0366023 0.0428851 0.0380327 0.0380327 0.0037737 0.0374594 0.0348944 0.0300264 0.0050358 0.0402187 0.0402187 0.0000010 0.0407244 0.0393789 0.0348916 0.0353020 0.0339710 0.0339710 0.0310131 0.0283055 0.0323090 0.0270344 0.0364126 0.0273049 0.0273049 0.0347921 0.0374594 0.0361133 0.0361133 0.0347921 0.0296929 0.0336235 0.0310176 0.0310176 0.0296564 0.0296564 0.0283992 0.0283079 0.0283079 2.0282067 0.0348790 0.0348790 0.0387858 0.0387858 0.0075768 0.0062998 0.0363147 0.0296929 0.0283992 0.0363147 0.0062998 0.0334803 0.0283849 0.0300175 0.0300173 4.0994417 0.0000010 0.0026052 0.0037784 0.0364126 0.0407244 0.0469500 0.0036381 0.0036381 2.0224105 2.2300563 0.0103210 0.0068427 0.0028648 4.9364724 0.0323484 0.0893757 0.0893757 0.0406870 0.0037771 0.0296915 0.0287755 0.0282956 2.0101173 0.0428851 0.0381465 0.0422744 0.0283163 0.0381465 0.0409055 0.0422744 0.0287468 0.0283048 0.0327517 0.0283016 0.0283611 0.0283016 0.0283108 0.0283063 0.0283063 0.0037784 0.0037806 0.0273453 0.0296231 0.0323090 0.0283114 0.0282956 0.0282997 0.0283017 0.0073956 0.0283079 0.0283104 0.0283177 0.0283177 0.0296231 0.0270344 
Yersinia_rochesterensis__GCF_946902935.1        0.0299703 0.0126349 0.0299703 0.0139006 0.0139140 0.0139006 0.0152051 0.0139140 0.0139218 0.0139218 0.0151766 0.0151766 0.0312938 0.0326208 0.0151786 0.0326964 0.0000000 0.0152051 0.0230248 0.0139139 0.0139139 0.0151796 0.0255723 0.0395931 0.0395931 0.0409688 0.0000010 0.0100743 0.0152408 0.0151985 0.0100743 0.0088068 0.0088068 0.0268594 0.0151784 0.0151781 0.0268594 0.0151796 0.0402377 0.0152033 0.0152033 0.0268735 0.0100856 0.0281828 0.0402377 0.0409688 0.0422832 0.0281519 0.0268836 0.0607099 0.0268836 0.0151903 0.0151903 0.0152257 0.0152257 0.0126349 0.0294561 0.0294540 0.0230248 0.0565905 0.0281458 0.0281458 0.0312938 0.0396683 0.0422832 0.0100856 0.0326208 0.0436798 0.0436798 0.0326964 0.0307625 0.0294540 0.0281828 0.0295184 0.0282121 0.0282121 0.0255723 0.0151985 0.0088126 0.0164858 0.0229078 0.0050320 0.0050320 0.0383297 0.0396683 0.0396733 0.0396733 0.0383297 0.0242708 0.0281519 0.0255759 0.0255759 0.0356547 0.0356547 0.0151957 0.0151998 0.0151998 1.9812098 0.0422639 0.0422639 0.0422244 0.0422244 0.0353306 0.0339478 0.0437501 0.0242708 0.0151957 0.0437501 0.0339478 0.0369959 0.0152408 0.0151784 0.0151781 4.0983839 0.0203202 0.0310947 0.0313347 0.0229078 0.0307625 0.0607099 0.0323144 0.0323144 1.9755324 2.2470755 0.0157609 0.0231476 0.0312545 4.8923053 0.0268864 0.1143650 0.1143650 0.0567288 0.0313250 0.0268735 0.0151778 0.0151933 1.9636210 0.0565905 0.0242272 0.0255846 0.0152043 0.0242272 0.0242751 0.0255846 0.0151751 0.0151981 0.0142733 0.0151965 0.0152285 0.0151965 0.0152013 0.0151989 0.0151989 0.0313347 0.0313541 0.0075423 0.0164821 0.0088126 0.0152014 0.0151933 0.0151953 0.0151966 0.0098830 0.0151998 0.0152009 0.0152049 0.0152049 0.0164821 0.0164858 
Yersinia_enterocolitica__GCA_963867685.1        0.0256436 0.0025056 0.0256436 0.0037674 0.0037626 0.0037674 0.0000010 0.0037626 0.0012511 0.0012511 0.0050273 0.0050273 0.0269470 0.0282539 0.0050279 0.0283183 0.0152051 0.0000000 0.0255789 0.0037710 0.0037710 0.0050172 0.0272509 0.0341720 0.0341720 0.0355337 0.0152051 0.0140060 0.0025109 0.0025039 0.0140060 0.0139063 0.0139063 0.0285535 0.0050279 0.0050278 0.0285535 0.0050172 0.0348213 0.0025047 0.0025047 0.0285687 0.0152001 0.0325459 0.0348213 0.0355337 0.0368428 0.0298616 0.0267970 0.0563577 0.0267970 0.0025026 0.0025026 0.0025085 0.0025085 0.0025056 0.0241780 0.0241761 0.0255789 0.0519082 0.0228812 0.0228812 0.0269470 0.0353260 0.0368428 0.0152001 0.0282539 0.0394736 0.0394736 0.0283183 0.0254718 0.0241761 0.0325459 0.0339067 0.0325802 0.0325802 0.0272509 0.0025039 0.0062880 0.0062874 0.0171796 0.0126067 0.0126067 0.0340002 0.0353260 0.0353306 0.0353306 0.0340002 0.0259324 0.0298616 0.0272549 0.0272549 0.0302500 0.0302500 0.0075596 0.0025042 0.0025042 1.9899040 0.0368263 0.0368263 0.0380314 0.0380314 0.0309173 0.0295613 0.0382851 0.0259324 0.0075596 0.0382851 0.0295613 0.0353168 0.0025109 0.0050279 0.0050278 4.1243274 0.0086042 0.0265933 0.0269817 0.0171796 0.0254718 0.0563577 0.0316866 0.0316866 1.9841973 2.2332182 0.0103893 0.0137574 0.0263060 4.9121216 0.0285827 0.1111175 0.1111175 0.0459946 0.0269733 0.0285687 0.0050276 0.0025031 1.9722004 0.0519082 0.0215777 0.0255021 0.0025049 0.0215777 0.0241969 0.0255021 0.0037749 0.0025039 0.0017616 0.0025036 0.0037576 0.0025036 0.0025044 0.0025040 0.0025040 0.0269817 0.0269981 0.0126315 0.0037598 0.0062880 0.0025044 0.0025031 0.0025034 0.0025036 0.0000010 0.0025042 0.0025043 0.0025050 0.0025050 0.0037598 0.0062874 
Yersinia_pekkanenii__GCF_963868735.1            0.0338623 0.0229557 0.0338623 0.0243188 0.0242579 0.0243188 0.0255789 0.0242579 0.0242718 0.0242718 0.0256190 0.0256190 0.0351880 0.0365175 0.0256224 0.0366023 0.0230248 0.0255789 0.0000000 0.0256516 0.0256516 0.0203786 0.0219872 0.0383261 0.0383261 0.0397031 0.0230248 0.0244648 0.0256388 0.0255674 0.0244648 0.0242944 0.0242944 0.0232844 0.0256218 0.0256216 0.0232844 0.0203786 0.0454385 0.0255755 0.0255755 0.0232967 0.0256229 0.0219886 0.0454385 0.0397031 0.0410205 0.0245863 0.0296267 0.0624951 0.0296267 0.0255532 0.0255532 0.0256127 0.0256127 0.0229557 0.0321771 0.0321749 0.0000010 0.0588600 0.0334894 0.0334894 0.0351880 0.0390545 0.0410205 0.0256229 0.0365175 0.0465128 0.0465128 0.0366023 0.0334920 0.0321749 0.0219886 0.0233220 0.0220117 0.0220117 0.0219872 0.0255674 0.0217201 0.0217062 0.0334520 0.0190219 0.0190219 0.0377276 0.0390545 0.0390593 0.0390593 0.0377276 0.0206774 0.0245863 0.0219903 0.0219903 0.0397278 0.0397278 0.0282675 0.0255696 0.0255696 1.9919458 0.0410018 0.0410018 0.0450733 0.0450733 0.0392377 0.0378466 0.0424864 0.0206774 0.0282675 0.0424864 0.0378466 0.0364057 0.0256388 0.0256218 0.0256216 4.1173416 0.0262562 0.0351316 0.0352341 0.0334520 0.0334920 0.0624951 0.0320787 0.0320787 1.9862352 2.2364327 0.0103210 0.0278858 0.0326419 5.0006180 0.0233079 0.1194686 0.1194686 0.0647001 0.0352234 0.0232967 0.0256212 0.0255586 1.9742245 0.0588600 0.0243336 0.0256971 0.0255772 0.0243336 0.0243819 0.0256971 0.0243667 0.0255668 0.0233364 0.0255640 0.0256175 0.0255640 0.0255722 0.0255682 0.0255682 0.0352341 0.0352559 0.0229969 0.0268734 0.0217201 0.0255727 0.0255586 0.0255622 0.0255641 0.0148883 0.0255696 0.0255718 0.0255784 0.0255784 0.0268734 0.0217062 
Yersinia_enterocolitica__GCA_963869825.1        0.0258100 0.0037719 0.0258100 0.0012527 0.0050348 0.0012527 0.0037710 0.0050348 0.0025111 0.0025111 0.0025074 0.0025074 0.0271214 0.0284361 0.0025077 0.0285014 0.0139139 0.0037710 0.0256516 0.0000000 0.0000010 0.0062939 0.0246925 0.0343922 0.0343922 0.0357620 0.0139139 0.0127109 0.0037799 0.0037694 0.0127109 0.0126202 0.0126202 0.0259961 0.0025077 0.0025077 0.0259961 0.0062939 0.0322173 0.0037706 0.0037706 0.0260099 0.0139093 0.0299847 0.0322173 0.0357620 0.0370786 0.0273047 0.0281727 0.0535010 0.0281727 0.0037674 0.0037674 0.0037763 0.0037763 0.0037719 0.0242465 0.0242446 0.0256516 0.0504527 0.0229460 0.0229460 0.0271214 0.0327642 0.0370786 0.0139093 0.0284361 0.0395900 0.0395900 0.0285014 0.0255439 0.0242446 0.0299847 0.0313423 0.0300163 0.0300163 0.0246925 0.0037694 0.0050216 0.0075719 0.0158576 0.0139168 0.0139168 0.0314387 0.0327642 0.0327685 0.0327685 0.0314387 0.0233746 0.0273047 0.0246961 0.0246961 0.0304473 0.0304473 0.0062887 0.0037697 0.0037697 1.9899040 0.0370619 0.0370619 0.0381435 0.0381435 0.0311158 0.0297515 0.0385299 0.0233746 0.0062887 0.0385299 0.0297515 0.0327557 0.0037799 0.0025077 0.0025077 4.1137746 0.0115460 0.0267718 0.0271565 0.0158576 0.0255439 0.0535010 0.0319810 0.0319810 1.9841973 2.2332182 0.0157609 0.0161318 0.0265004 4.9121216 0.0260226 0.1118811 0.1118811 0.0487997 0.0271480 0.0260099 0.0025076 0.0037681 1.9722004 0.0504527 0.0216388 0.0255744 0.0037708 0.0216388 0.0242654 0.0255744 0.0025072 0.0037693 0.0035410 0.0037689 0.0050281 0.0037689 0.0037701 0.0037695 0.0037695 0.0271565 0.0271731 0.0113486 0.0050311 0.0050216 0.0037701 0.0037681 0.0037686 0.0037689 0.0024587 0.0037697 0.0037700 0.0037710 0.0037710 0.0050311 0.0075719 
Yersinia_enterocolitica__GCA_963870225.1        0.0258100 0.0037719 0.0258100 0.0012527 0.0050348 0.0012527 0.0037710 0.0050348 0.0025111 0.0025111 0.0025074 0.0025074 0.0271214 0.0284361 0.0025077 0.0285014 0.0139139 0.0037710 0.0256516 0.0000010 0.0000000 0.0062939 0.0246925 0.0343922 0.0343922 0.0357620 0.0139139 0.0127109 0.0037799 0.0037694 0.0127109 0.0126202 0.0126202 0.0259961 0.0025077 0.0025077 0.0259961 0.0062939 0.0322173 0.0037706 0.0037706 0.0260099 0.0139093 0.0299847 0.0322173 0.0357620 0.0370786 0.0273047 0.0281727 0.0535010 0.0281727 0.0037674 0.0037674 0.0037763 0.0037763 0.0037719 0.0242465 0.0242446 0.0256516 0.0504527 0.0229460 0.0229460 0.0271214 0.0327642 0.0370786 0.0139093 0.0284361 0.0395900 0.0395900 0.0285014 0.0255439 0.0242446 0.0299847 0.0313423 0.0300163 0.0300163 0.0246925 0.0037694 0.0050216 0.0075719 0.0158576 0.0139168 0.0139168 0.0314387 0.0327642 0.0327685 0.0327685 0.0314387 0.0233746 0.0273047 0.0246961 0.0246961 0.0304473 0.0304473 0.0062887 0.0037697 0.0037697 1.9899040 0.0370619 0.0370619 0.0381435 0.0381435 0.0311158 0.0297515 0.0385299 0.0233746 0.0062887 0.0385299 0.0297515 0.0327557 0.0037799 0.0025077 0.0025077 4.1137746 0.0115460 0.0267718 0.0271565 0.0158576 0.0255439 0.0535010 0.0319810 0.0319810 1.9841973 2.2332182 0.0157609 0.0161318 0.0265004 4.9121216 0.0260226 0.1118811 0.1118811 0.0487997 0.0271480 0.0260099 0.0025076 0.0037681 1.9722004 0.0504527 0.0216388 0.0255744 0.0037708 0.0216388 0.0242654 0.0255744 0.0025072 0.0037693 0.0035410 0.0037689 0.0050281 0.0037689 0.0037701 0.0037695 0.0037695 0.0271565 0.0271731 0.0113486 0.0050311 0.0050216 0.0037701 0.0037681 0.0037686 0.0037689 0.0024587 0.0037697 0.0037700 0.0037710 0.0037710 0.0050311 0.0075719 
Yersinia_enterocolitica__GCA_963895235.1        0.0230244 0.0025015 0.0230244 0.0062879 0.0037564 0.0062879 0.0050172 0.0037564 0.0037585 0.0037585 0.0075516 0.0075516 0.0243228 0.0256244 0.0075526 0.0256827 0.0151796 0.0050172 0.0203786 0.0062939 0.0062939 0.0000000 0.0229941 0.0288262 0.0288262 0.0301754 0.0151796 0.0139824 0.0050290 0.0050150 0.0139824 0.0138831 0.0138831 0.0242793 0.0075525 0.0075524 0.0242793 0.0000010 0.0321448 0.0050166 0.0050166 0.0242920 0.0151746 0.0282091 0.0321448 0.0301754 0.0314803 0.0255695 0.0268167 0.0543204 0.0268167 0.0050124 0.0050124 0.0050241 0.0050241 0.0025015 0.0216095 0.0216077 0.0203786 0.0499142 0.0228978 0.0228978 0.0243228 0.0300002 0.0314803 0.0151746 0.0256244 0.0376265 0.0376265 0.0256827 0.0228998 0.0216077 0.0282091 0.0295460 0.0282385 0.0282385 0.0229941 0.0050150 0.0088156 0.0012522 0.0197900 0.0125858 0.0125858 0.0286824 0.0300002 0.0300042 0.0300042 0.0286824 0.0216962 0.0255695 0.0229974 0.0229974 0.0301967 0.0301967 0.0100948 0.0050155 0.0050155 1.9899040 0.0314665 0.0314665 0.0362017 0.0362017 0.0282736 0.0269268 0.0328995 0.0216962 0.0100948 0.0328995 0.0269268 0.0299924 0.0050290 0.0075525 0.0075524 4.0925542 0.0086042 0.0238752 0.0243540 0.0197900 0.0228998 0.0543204 0.0278638 0.0278638 1.9841973 2.2332182 0.0103210 0.0137574 0.0233207 4.9121216 0.0243036 0.1090261 0.1090261 0.0485514 0.0243464 0.0242920 0.0075521 0.0050133 1.9722004 0.0499142 0.0215934 0.0255208 0.0050170 0.0215934 0.0242145 0.0255208 0.0063005 0.0050149 0.0052954 0.0050144 0.0050250 0.0050144 0.0050160 0.0050152 0.0050152 0.0243540 0.0243687 0.0126105 0.0062753 0.0088156 0.0050160 0.0050133 0.0050139 0.0050144 0.0000010 0.0050155 0.0050158 0.0050171 0.0050171 0.0062753 0.0012522 
