69
Yersinia_pseudotuberculosis__GCF_900460735.1    0.0000000 0.0343391 0.0387837 0.0319452 0.0349340 0.0295138 0.0295138 0.0332505 0.0313383 0.0416713 0.0349340 0.0330959 0.0332505 0.0542564 0.0387837 0.0494427 0.0409985 0.0000010 0.0012553 0.0361594 0.0441375 0.0409985 0.0360383 0.0358253 0.0319452 0.0361594 0.0330959 0.0416713 0.0387733 0.0458382 0.0458382 0.0277127 0.0277127 0.0343391 0.0365772 0.0298179 0.0298179 0.0288531 0.0284193 0.0284193 0.0051049 0.0303108 0.0288531 0.0359852 0.0359852 0.0037870 0.0037870 0.0012553 0.0337234 0.0360383 0.0351473 0.0268694 0.0000010 0.0387733 0.0441375 0.0542564 0.0456836 0.0268694 0.0351473 0.0296660 0.0478117 0.0365772 0.0456836 0.0494427 0.0470974 0.0413588 0.0286831 0.0296660 0.0470974 
Yersinia_rochesterensis__GCF_946902935.1        0.0343391 0.0000000 0.0249090 0.0280089 0.0485841 0.0090971 0.0090971 0.0292944 0.0105187 0.0490832 0.0485841 0.0465203 0.0292944 0.0826081 0.0249090 0.0776200 0.0304585 0.0343391 0.0358065 0.0497361 0.0333727 0.0304585 0.0308843 0.0310719 0.0280089 0.0497361 0.0465203 0.0490832 0.0244695 0.0292654 0.0292654 0.0051617 0.0051617 0.0000010 0.0451130 0.0419940 0.0419940 0.0160464 0.0160061 0.0160061 0.0407050 0.0264459 0.0160464 0.0494511 0.0494511 0.0387423 0.0387423 0.0358065 0.0421897 0.0308843 0.0436442 0.0145962 0.0357364 0.0244695 0.0333727 0.0826081 0.0552635 0.0145962 0.0436442 0.0145118 0.0574684 0.0451130 0.0552635 0.0776200 0.0276889 0.0256406 0.0161527 0.0145118 0.0276889 
Yersinia_pekkanenii__GCF_963868735.1            0.0387837 0.0249090 0.0000000 0.0245894 0.0475682 0.0264184 0.0264184 0.0259082 0.0281223 0.0549206 0.0475682 0.0455090 0.0259082 0.0827503 0.0000010 0.0761139 0.0371107 0.0387837 0.0402325 0.0487330 0.0369463 0.0371107 0.0245662 0.0247137 0.0245894 0.0487330 0.0455090 0.0549206 0.0364851 0.0333128 0.0333128 0.0199413 0.0199413 0.0249090 0.0433737 0.0469897 0.0469897 0.0312675 0.0277668 0.0277668 0.0451389 0.0230245 0.0312675 0.0484556 0.0484556 0.0431323 0.0431323 0.0402325 0.0405165 0.0245662 0.0419391 0.0262679 0.0403426 0.0364851 0.0369463 0.0827503 0.0564910 0.0262679 0.0419391 0.0264260 0.0586260 0.0433737 0.0564910 0.0761139 0.0285141 0.0263880 0.0280168 0.0264260 0.0285141 
Yersinia_bercovieri__GCF_963900425.1            0.0319452 0.0280089 0.0245894 0.0000000 0.0422211 0.0295589 0.0295589 0.0038057 0.0313332 0.0454636 0.0422211 0.0402454 0.0038057 0.0669890 0.0245894 0.0633818 0.0400779 0.0319452 0.0334067 0.0434209 0.0398892 0.0400779 0.0077389 0.0077789 0.0000010 0.0434209 0.0402454 0.0454636 0.0364885 0.0394136 0.0394136 0.0250678 0.0250678 0.0280089 0.0300023 0.0417484 0.0417484 0.0310836 0.0309764 0.0309764 0.0382523 0.0012608 0.0310836 0.0431882 0.0431882 0.0363319 0.0363319 0.0334067 0.0272233 0.0077389 0.0286113 0.0293926 0.0332397 0.0364885 0.0398892 0.0669890 0.0538844 0.0293926 0.0286113 0.0286931 0.0561720 0.0300023 0.0538844 0.0633818 0.0372398 0.0382603 0.0312518 0.0286931 0.0372398 
Yersinia_alsatica__GCF_963900355.1              0.0349340 0.0485841 0.0475682 0.0422211 0.0000000 0.0486789 0.0486789 0.0440103 0.0508051 0.0133305 0.0000010 0.0012676 0.0440103 0.0798239 0.0475682 0.0793837 0.0561772 0.0349340 0.0334780 0.0038355 0.0558914 0.0561772 0.0429990 0.0455829 0.0422211 0.0038355 0.0012676 0.0133305 0.0396884 0.0642756 0.0642756 0.0412094 0.0412094 0.0485841 0.0456517 0.0118966 0.0118966 0.0435153 0.0420109 0.0420109 0.0383467 0.0404936 0.0435153 0.0064541 0.0064541 0.0364161 0.0364161 0.0334780 0.0426706 0.0429990 0.0441535 0.0403290 0.0363455 0.0396884 0.0558914 0.0798239 0.0544715 0.0403290 0.0441535 0.0436262 0.0566842 0.0456517 0.0544715 0.0793837 0.0621370 0.0558513 0.0424086 0.0436262 0.0621370 
Yersinia_kristensenii__GCF_963870645.1          0.0295138 0.0090971 0.0264184 0.0295589 0.0486789 0.0000000 0.0000010 0.0308404 0.0012625 0.0458454 0.0486789 0.0466109 0.0308404 0.0801365 0.0264184 0.0752052 0.0319880 0.0295138 0.0309770 0.0498317 0.0349116 0.0319880 0.0324429 0.0321633 0.0295589 0.0498317 0.0466109 0.0458454 0.0246373 0.0277449 0.0277449 0.0090785 0.0090785 0.0090971 0.0404433 0.0403152 0.0403152 0.0118688 0.0146386 0.0146386 0.0357878 0.0279826 0.0118688 0.0495455 0.0495455 0.0339035 0.0339035 0.0309770 0.0375223 0.0324429 0.0389780 0.0132373 0.0307111 0.0246373 0.0349116 0.0801365 0.0574411 0.0132373 0.0389780 0.0131601 0.0596705 0.0404433 0.0574411 0.0752052 0.0292147 0.0271196 0.0147733 0.0131601 0.0292147 
Yersinia_kristensenii__GCF_963873565.1          0.0295138 0.0090971 0.0264184 0.0295589 0.0486789 0.0000010 0.0000000 0.0308404 0.0012625 0.0458454 0.0486789 0.0466109 0.0308404 0.0801365 0.0264184 0.0752052 0.0319880 0.0295138 0.0309770 0.0498317 0.0349116 0.0319880 0.0324429 0.0321633 0.0295589 0.0498317 0.0466109 0.0458454 0.0246373 0.0277449 0.0277449 0.0090785 0.0090785 0.0090971 0.0404433 0.0403152 0.0403152 0.0118688 0.0146386 0.0146386 0.0357878 0.0279826 0.0118688 0.0495455 0.0495455 0.0339035 0.0339035 0.0309770 0.0375223 0.0324429 0.0389780 0.0132373 0.0307111 0.0246373 0.0349116 0.0801365 0.0574411 0.0132373 0.0389780 0.0131601 0.0596705 0.0404433 0.0574411 0.0752052 0.0292147 0.0271196 0.0147733 0.0131601 0.0292147 
Yersinia_mollaretii__GCF_963887555.1            0.0332505 0.0292944 0.0259082 0.0038057 0.0440103 0.0308404 0.0308404 0.0000000 0.0326192 0.0448918 0.0440103 0.0419954 0.0000010 0.0649587 0.0259082 0.0613737 0.0453039 0.0332505 0.0347009 0.0452057 0.0450854 0.0453039 0.0090355 0.0090825 0.0038057 0.0452057 0.0419954 0.0448918 0.0381396 0.0406983 0.0406983 0.0263619 0.0263619 0.0292944 0.0282806 0.0410926 0.0410926 0.0323986 0.0322859 0.0322859 0.0395292 0.0025193 0.0323986 0.0449571 0.0449571 0.0376042 0.0376042 0.0347009 0.0255353 0.0090355 0.0269063 0.0307080 0.0345873 0.0381396 0.0450854 0.0649587 0.0529802 0.0307080 0.0269063 0.0300253 0.0552426 0.0282806 0.0529802 0.0613737 0.0385480 0.0395431 0.0325501 0.0300253 0.0385480 
Yersinia_kristensenii__GCF_963901205.1          0.0313383 0.0105187 0.0281223 0.0313332 0.0508051 0.0012625 0.0012625 0.0326192 0.0000000 0.0479962 0.0508051 0.0486929 0.0326192 0.0828084 0.0281223 0.0778574 0.0337551 0.0313383 0.0328154 0.0519494 0.0367112 0.0337551 0.0342482 0.0340015 0.0313332 0.0519494 0.0486929 0.0479962 0.0263097 0.0294702 0.0294702 0.0104959 0.0104959 0.0105187 0.0423592 0.0423254 0.0423254 0.0133433 0.0161564 0.0161564 0.0377006 0.0297303 0.0133433 0.0516426 0.0516426 0.0357701 0.0357701 0.0328154 0.0394088 0.0342482 0.0408782 0.0147316 0.0326218 0.0263097 0.0367112 0.0828084 0.0598981 0.0147316 0.0408782 0.0146456 0.0621579 0.0423592 0.0598981 0.0778574 0.0309580 0.0287942 0.0163058 0.0146456 0.0309580 
Yersinia_vastinensis__GCF_963900675.1           0.0416713 0.0490832 0.0549206 0.0454636 0.0133305 0.0458454 0.0458454 0.0448918 0.0479962 0.0000000 0.0133305 0.0148357 0.0448918 0.0782353 0.0549206 0.0789752 0.0557787 0.0416713 0.0401573 0.0147784 0.0554976 0.0557787 0.0462074 0.0489348 0.0454636 0.0147784 0.0148357 0.0000010 0.0457396 0.0681107 0.0681107 0.0453902 0.0453902 0.0490832 0.0423147 0.0249978 0.0249978 0.0361905 0.0387488 0.0387488 0.0453415 0.0436639 0.0361905 0.0175991 0.0175991 0.0432204 0.0432204 0.0401573 0.0392407 0.0462074 0.0407714 0.0404604 0.0434249 0.0457396 0.0554976 0.0782353 0.0606376 0.0404604 0.0407714 0.0398175 0.0629529 0.0423147 0.0606376 0.0789752 0.0659811 0.0595677 0.0437401 0.0398175 0.0659811 
Yersinia_alsatica__GCF_963901175.1              0.0349340 0.0485841 0.0475682 0.0422211 0.0000010 0.0486789 0.0486789 0.0440103 0.0508051 0.0133305 0.0000000 0.0012676 0.0440103 0.0798239 0.0475682 0.0793837 0.0561772 0.0349340 0.0334780 0.0038355 0.0558914 0.0561772 0.0429990 0.0455829 0.0422211 0.0038355 0.0012676 0.0133305 0.0396884 0.0642756 0.0642756 0.0412094 0.0412094 0.0485841 0.0456517 0.0118966 0.0118966 0.0435153 0.0420109 0.0420109 0.0383467 0.0404936 0.0435153 0.0064541 0.0064541 0.0364161 0.0364161 0.0334780 0.0426706 0.0429990 0.0441535 0.0403290 0.0363455 0.0396884 0.0558914 0.0798239 0.0544715 0.0403290 0.0441535 0.0436262 0.0566842 0.0456517 0.0544715 0.0793837 0.0621370 0.0558513 0.0424086 0.0436262 0.0621370 
Yersinia_alsatica__GCF_963901255.1              0.0330959 0.0465203 0.0455090 0.0402454 0.0012676 0.0466109 0.0466109 0.0419954 0.0486929 0.0148357 0.0012676 0.0000000 0.0419954 0.0772381 0.0455090 0.0767962 0.0539583 0.0330959 0.0316530 0.0025287 0.0536869 0.0539583 0.0410506 0.0435735 0.0402454 0.0025287 0.0000010 0.0148357 0.0376729 0.0619672 0.0619672 0.0392930 0.0392930 0.0465203 0.0436932 0.0104566 0.0104566 0.0414403 0.0400140 0.0400140 0.0364467 0.0385438 0.0414403 0.0051062 0.0051062 0.0345625 0.0345625 0.0316530 0.0407431 0.0410506 0.0422117 0.0383543 0.0344210 0.0376729 0.0536869 0.0772381 0.0521230 0.0383543 0.0422117 0.0415734 0.0543018 0.0436932 0.0521230 0.0767962 0.0598344 0.0536554 0.0403905 0.0415734 0.0598344 
Yersinia_mollaretii__GCF_963900165.1            0.0332505 0.0292944 0.0259082 0.0038057 0.0440103 0.0308404 0.0308404 0.0000010 0.0326192 0.0448918 0.0440103 0.0419954 0.0000000 0.0649587 0.0259082 0.0613737 0.0453039 0.0332505 0.0347009 0.0452057 0.0450854 0.0453039 0.0090355 0.0090825 0.0038057 0.0452057 0.0419954 0.0448918 0.0381396 0.0406983 0.0406983 0.0263619 0.0263619 0.0292944 0.0282806 0.0410926 0.0410926 0.0323986 0.0322859 0.0322859 0.0395292 0.0025193 0.0323986 0.0449571 0.0449571 0.0376042 0.0376042 0.0347009 0.0255353 0.0090355 0.0269063 0.0307080 0.0345873 0.0381396 0.0450854 0.0649587 0.0529802 0.0307080 0.0269063 0.0300253 0.0552426 0.0282806 0.0529802 0.0613737 0.0385480 0.0395431 0.0325501 0.0300253 0.0385480 
Yersinia_entomophaga__GCF_965137505.1           0.0542564 0.0826081 0.0827503 0.0669890 0.0798239 0.0801365 0.0801365 0.0649587 0.0828084 0.0782353 0.0798239 0.0772381 0.0649587 0.0000000 0.0827503 0.0051304 0.0936904 0.0542564 0.0527452 0.0807355 0.0968905 0.0936904 0.0709864 0.0714733 0.0669890 0.0807355 0.0772381 0.0782353 0.0852222 0.0962550 0.0962550 0.0773463 0.0773463 0.0826081 0.0754852 0.0732063 0.0732063 0.0775896 0.0776727 0.0776727 0.0581991 0.0650091 0.0775896 0.0794193 0.0794193 0.0558287 0.0558287 0.0527452 0.0754098 0.0709864 0.0738231 0.0757834 0.0565629 0.0852222 0.0968905 0.0000010 0.0501286 0.0757834 0.0738231 0.0760384 0.0522647 0.0754852 0.0501286 0.0051304 0.0981448 0.0905356 0.0777362 0.0760384 0.0981448 
Yersinia_pekkanenii__GCF_001244635.1            0.0387837 0.0249090 0.0000010 0.0245894 0.0475682 0.0264184 0.0264184 0.0259082 0.0281223 0.0549206 0.0475682 0.0455090 0.0259082 0.0827503 0.0000000 0.0761139 0.0371107 0.0387837 0.0402325 0.0487330 0.0369463 0.0371107 0.0245662 0.0247137 0.0245894 0.0487330 0.0455090 0.0549206 0.0364851 0.0333128 0.0333128 0.0199413 0.0199413 0.0249090 0.0433737 0.0469897 0.0469897 0.0312675 0.0277668 0.0277668 0.0451389 0.0230245 0.0312675 0.0484556 0.0484556 0.0431323 0.0431323 0.0402325 0.0405165 0.0245662 0.0419391 0.0262679 0.0403426 0.0364851 0.0369463 0.0827503 0.0564910 0.0262679 0.0419391 0.0264260 0.0586260 0.0433737 0.0564910 0.0761139 0.0285141 0.0263880 0.0280168 0.0264260 0.0285141 
Yersinia_nurmii__GCF_001112925.1                0.0494427 0.0776200 0.0761139 0.0633818 0.0793837 0.0752052 0.0752052 0.0613737 0.0778574 0.0789752 0.0793837 0.0767962 0.0613737 0.0051304 0.0761139 0.0000000 0.0866187 0.0494427 0.0509821 0.0803025 0.0898651 0.0866187 0.0675142 0.0679354 0.0633818 0.0803025 0.0767962 0.0789752 0.0788656 0.0901384 0.0901384 0.0724870 0.0724870 0.0776200 0.0707627 0.0727713 0.0727713 0.0712452 0.0713576 0.0713576 0.0564156 0.0613798 0.0712452 0.0789830 0.0789830 0.0540735 0.0540735 0.0509821 0.0706972 0.0675142 0.0690818 0.0694427 0.0515759 0.0788656 0.0898651 0.0051304 0.0429234 0.0694427 0.0690818 0.0690718 0.0449633 0.0707627 0.0429234 0.0000010 0.0909019 0.0835011 0.0714432 0.0690718 0.0909019 
Yersinia_aldovae__GCF_001091225.1               0.0409985 0.0304585 0.0371107 0.0400779 0.0561772 0.0319880 0.0319880 0.0453039 0.0337551 0.0557787 0.0561772 0.0539583 0.0453039 0.0936904 0.0371107 0.0866187 0.0000000 0.0409985 0.0424757 0.0540906 0.0025226 0.0000010 0.0430755 0.0433619 0.0400779 0.0540906 0.0539583 0.0557787 0.0336070 0.0230034 0.0230034 0.0270440 0.0270440 0.0304585 0.0622109 0.0527092 0.0527092 0.0277185 0.0243501 0.0243501 0.0460697 0.0417949 0.0277185 0.0569330 0.0569330 0.0454358 0.0454358 0.0424757 0.0592405 0.0430755 0.0607054 0.0228909 0.0426817 0.0336070 0.0025226 0.0936904 0.0612479 0.0228909 0.0607054 0.0230290 0.0589743 0.0622109 0.0612479 0.0866187 0.0186199 0.0230677 0.0257342 0.0230290 0.0186199 
Yersinia_wautersii__GCF_000493475.1             0.0000010 0.0343391 0.0387837 0.0319452 0.0349340 0.0295138 0.0295138 0.0332505 0.0313383 0.0416713 0.0349340 0.0330959 0.0332505 0.0542564 0.0387837 0.0494427 0.0409985 0.0000000 0.0012553 0.0361594 0.0441375 0.0409985 0.0360383 0.0358253 0.0319452 0.0361594 0.0330959 0.0416713 0.0387733 0.0458382 0.0458382 0.0277127 0.0277127 0.0343391 0.0365772 0.0298179 0.0298179 0.0288531 0.0284193 0.0284193 0.0051049 0.0303108 0.0288531 0.0359852 0.0359852 0.0037870 0.0037870 0.0012553 0.0337234 0.0360383 0.0351473 0.0268694 0.0000010 0.0387733 0.0441375 0.0542564 0.0456836 0.0268694 0.0351473 0.0296660 0.0478117 0.0365772 0.0456836 0.0494427 0.0470974 0.0413588 0.0286831 0.0296660 0.0470974 
Yersinia_wautersii__GCF_000493415.1             0.0012553 0.0358065 0.0402325 0.0334067 0.0334780 0.0309770 0.0309770 0.0347009 0.0328154 0.0401573 0.0334780 0.0316530 0.0347009 0.0527452 0.0402325 0.0509821 0.0424757 0.0012553 0.0000000 0.0347175 0.0456033 0.0424757 0.0374738 0.0372894 0.0334067 0.0347175 0.0316530 0.0401573 0.0402561 0.0473212 0.0473212 0.0291626 0.0291626 0.0358065 0.0379724 0.0283921 0.0283921 0.0303151 0.0298612 0.0298612 0.0038194 0.0317682 0.0303151 0.0345526 0.0345526 0.0025185 0.0025185 0.0000010 0.0351250 0.0374738 0.0365448 0.0283078 0.0013012 0.0402561 0.0456033 0.0527452 0.0472947 0.0283078 0.0365448 0.0311397 0.0494234 0.0379724 0.0472947 0.0509821 0.0485892 0.0428374 0.0301368 0.0311397 0.0485892 
Yersinia_frederiksenii__GCF_900460425.1         0.0361594 0.0497361 0.0487330 0.0434209 0.0038355 0.0498317 0.0498317 0.0452057 0.0519494 0.0147784 0.0038355 0.0025287 0.0452057 0.0807355 0.0487330 0.0803025 0.0540906 0.0361594 0.0347175 0.0000000 0.0538186 0.0540906 0.0441711 0.0467501 0.0434209 0.0000010 0.0025287 0.0147784 0.0409537 0.0620919 0.0620919 0.0423892 0.0423892 0.0497361 0.0435670 0.0131658 0.0131658 0.0413069 0.0398861 0.0398861 0.0395598 0.0417046 0.0413069 0.0050864 0.0050864 0.0376288 0.0376288 0.0347175 0.0406203 0.0441711 0.0420867 0.0415582 0.0376062 0.0409537 0.0538186 0.0807355 0.0556816 0.0415582 0.0420867 0.0448500 0.0578745 0.0435670 0.0556816 0.0803025 0.0599628 0.0537866 0.0436314 0.0448500 0.0599628 
Yersinia_aldovae__GCF_902168585.1               0.0441375 0.0333727 0.0369463 0.0398892 0.0558914 0.0349116 0.0349116 0.0450854 0.0367112 0.0554976 0.0558914 0.0536869 0.0450854 0.0968905 0.0369463 0.0898651 0.0025226 0.0441375 0.0456033 0.0538186 0.0000000 0.0025226 0.0428723 0.0431557 0.0398892 0.0538186 0.0536869 0.0554976 0.0365499 0.0258590 0.0258590 0.0298957 0.0298957 0.0333727 0.0619160 0.0558628 0.0558628 0.0306402 0.0272041 0.0272041 0.0463139 0.0415968 0.0306402 0.0566487 0.0566487 0.0456719 0.0456719 0.0456033 0.0589591 0.0428723 0.0604176 0.0257307 0.0459387 0.0365499 0.0000010 0.0968905 0.0616123 0.0257307 0.0604176 0.0258836 0.0593245 0.0619160 0.0616123 0.0898651 0.0214171 0.0231732 0.0285931 0.0258836 0.0214171 
Yersinia_aldovae__GCF_902168475.1               0.0409985 0.0304585 0.0371107 0.0400779 0.0561772 0.0319880 0.0319880 0.0453039 0.0337551 0.0557787 0.0561772 0.0539583 0.0453039 0.0936904 0.0371107 0.0866187 0.0000010 0.0409985 0.0424757 0.0540906 0.0025226 0.0000000 0.0430755 0.0433619 0.0400779 0.0540906 0.0539583 0.0557787 0.0336070 0.0230034 0.0230034 0.0270440 0.0270440 0.0304585 0.0622109 0.0527092 0.0527092 0.0277185 0.0243501 0.0243501 0.0460697 0.0417949 0.0277185 0.0569330 0.0569330 0.0454358 0.0454358 0.0424757 0.0592405 0.0430755 0.0607054 0.0228909 0.0426817 0.0336070 0.0025226 0.0936904 0.0612479 0.0228909 0.0607054 0.0230290 0.0589743 0.0622109 0.0612479 0.0866187 0.0186199 0.0230677 0.0257342 0.0230290 0.0186199 
Yersinia_aleksiciae__GCF_902168445.1            0.0360383 0.0308843 0.0245662 0.0077389 0.0429990 0.0324429 0.0324429 0.0090355 0.0342482 0.0462074 0.0429990 0.0410506 0.0090355 0.0709864 0.0245662 0.0675142 0.0430755 0.0360383 0.0374738 0.0441711 0.0428723 0.0430755 0.0000000 0.0025466 0.0077389 0.0441711 0.0410506 0.0462074 0.0425758 0.0424225 0.0424225 0.0279288 0.0279288 0.0308843 0.0315035 0.0425217 0.0425217 0.0372847 0.0371476 0.0371476 0.0422952 0.0090927 0.0372847 0.0439371 0.0439371 0.0403488 0.0403488 0.0374738 0.0301775 0.0000010 0.0315738 0.0355440 0.0374723 0.0425758 0.0428723 0.0709864 0.0569811 0.0355440 0.0315738 0.0348979 0.0592267 0.0315035 0.0569811 0.0675142 0.0402760 0.0412499 0.0373805 0.0348979 0.0402760 
Yersinia_aleksiciae__GCF_902168465.1            0.0358253 0.0310719 0.0247137 0.0077789 0.0455829 0.0321633 0.0321633 0.0090825 0.0340015 0.0489348 0.0455829 0.0435735 0.0090825 0.0714733 0.0247137 0.0679354 0.0433619 0.0358253 0.0372894 0.0467501 0.0431557 0.0433619 0.0025466 0.0000000 0.0077789 0.0467501 0.0435735 0.0489348 0.0428491 0.0427049 0.0427049 0.0280958 0.0280958 0.0310719 0.0316896 0.0460503 0.0460503 0.0370922 0.0373863 0.0373863 0.0422010 0.0091403 0.0370922 0.0464929 0.0464929 0.0402193 0.0402193 0.0372894 0.0303557 0.0025466 0.0317600 0.0357707 0.0372799 0.0428491 0.0431557 0.0714733 0.0577145 0.0357707 0.0317600 0.0351219 0.0600029 0.0316896 0.0577145 0.0679354 0.0405439 0.0415212 0.0376193 0.0351219 0.0405439 
Yersinia_bercovieri__GCF_902168545.1            0.0319452 0.0280089 0.0245894 0.0000010 0.0422211 0.0295589 0.0295589 0.0038057 0.0313332 0.0454636 0.0422211 0.0402454 0.0038057 0.0669890 0.0245894 0.0633818 0.0400779 0.0319452 0.0334067 0.0434209 0.0398892 0.0400779 0.0077389 0.0077789 0.0000000 0.0434209 0.0402454 0.0454636 0.0364885 0.0394136 0.0394136 0.0250678 0.0250678 0.0280089 0.0300023 0.0417484 0.0417484 0.0310836 0.0309764 0.0309764 0.0382523 0.0012608 0.0310836 0.0431882 0.0431882 0.0363319 0.0363319 0.0334067 0.0272233 0.0077389 0.0286113 0.0293926 0.0332397 0.0364885 0.0398892 0.0669890 0.0538844 0.0293926 0.0286113 0.0286931 0.0561720 0.0300023 0.0538844 0.0633818 0.0372398 0.0382603 0.0312518 0.0286931 0.0372398 
Yersinia_frederiksenii__GCF_902170525.1         0.0361594 0.0497361 0.0487330 0.0434209 0.0038355 0.0498317 0.0498317 0.0452057 0.0519494 0.0147784 0.0038355 0.0025287 0.0452057 0.0807355 0.0487330 0.0803025 0.0540906 0.0361594 0.0347175 0.0000010 0.0538186 0.0540906 0.0441711 0.0467501 0.0434209 0.0000000 0.0025287 0.0147784 0.0409537 0.0620919 0.0620919 0.0423892 0.0423892 0.0497361 0.0435670 0.0131658 0.0131658 0.0413069 0.0398861 0.0398861 0.0395598 0.0417046 0.0413069 0.0050864 0.0050864 0.0376288 0.0376288 0.0347175 0.0406203 0.0441711 0.0420867 0.0415582 0.0376062 0.0409537 0.0538186 0.0807355 0.0556816 0.0415582 0.0420867 0.0448500 0.0578745 0.0435670 0.0556816 0.0803025 0.0599628 0.0537866 0.0436314 0.0448500 0.0599628 
Yersinia_alsatica__GCF_902170395.1              0.0330959 0.0465203 0.0455090 0.0402454 0.0012676 0.0466109 0.0466109 0.0419954 0.0486929 0.0148357 0.0012676 0.0000010 0.0419954 0.0772381 0.0455090 0.0767962 0.0539583 0.0330959 0.0316530 0.0025287 0.0536869 0.0539583 0.0410506 0.0435735 0.0402454 0.0025287 0.0000000 0.0148357 0.0376729 0.0619672 0.0619672 0.0392930 0.0392930 0.0465203 0.0436932 0.0104566 0.0104566 0.0414403 0.0400140 0.0400140 0.0364467 0.0385438 0.0414403 0.0051062 0.0051062 0.0345625 0.0345625 0.0316530 0.0407431 0.0410506 0.0422117 0.0383543 0.0344210 0.0376729 0.0536869 0.0772381 0.0521230 0.0383543 0.0422117 0.0415734 0.0543018 0.0436932 0.0521230 0.0767962 0.0598344 0.0536554 0.0403905 0.0415734 0.0598344 
Yersinia_vastinensis__GCF_902170245.1           0.0416713 0.0490832 0.0549206 0.0454636 0.0133305 0.0458454 0.0458454 0.0448918 0.0479962 0.0000010 0.0133305 0.0148357 0.0448918 0.0782353 0.0549206 0.0789752 0.0557787 0.0416713 0.0401573 0.0147784 0.0554976 0.0557787 0.0462074 0.0489348 0.0454636 0.0147784 0.0148357 0.0000000 0.0457396 0.0681107 0.0681107 0.0453902 0.0453902 0.0490832 0.0423147 0.0249978 0.0249978 0.0361905 0.0387488 0.0387488 0.0453415 0.0436639 0.0361905 0.0175991 0.0175991 0.0432204 0.0432204 0.0401573 0.0392407 0.0462074 0.0407714 0.0404604 0.0434249 0.0457396 0.0554976 0.0782353 0.0606376 0.0404604 0.0407714 0.0398175 0.0629529 0.0423147 0.0606376 0.0789752 0.0659811 0.0595677 0.0437401 0.0398175 0.0659811 
Yersinia_hibernica__GCF_902170435.1             0.0387733 0.0244695 0.0364851 0.0364885 0.0396884 0.0246373 0.0246373 0.0381396 0.0263097 0.0457396 0.0396884 0.0376729 0.0381396 0.0852222 0.0364851 0.0788656 0.0336070 0.0387733 0.0402561 0.0409537 0.0365499 0.0336070 0.0425758 0.0428491 0.0364885 0.0409537 0.0376729 0.0457396 0.0000000 0.0399407 0.0399407 0.0243959 0.0243959 0.0244695 0.0447058 0.0359975 0.0359975 0.0188348 0.0188175 0.0188175 0.0452867 0.0348595 0.0188348 0.0391380 0.0391380 0.0432267 0.0432267 0.0402561 0.0412844 0.0425758 0.0432154 0.0173564 0.0403698 0.0000010 0.0365499 0.0852222 0.0605016 0.0173564 0.0432154 0.0172549 0.0627558 0.0447058 0.0605016 0.0788656 0.0395676 0.0344553 0.0202206 0.0172549 0.0395676 
Yersinia_intermedia__GCF_902170555.1            0.0458382 0.0292654 0.0333128 0.0394136 0.0642756 0.0277449 0.0277449 0.0406983 0.0294702 0.0681107 0.0642756 0.0619672 0.0406983 0.0962550 0.0333128 0.0901384 0.0230034 0.0458382 0.0473212 0.0620919 0.0258590 0.0230034 0.0424225 0.0427049 0.0394136 0.0620919 0.0619672 0.0681107 0.0399407 0.0000000 0.0000010 0.0258456 0.0258456 0.0292654 0.0609647 0.0563527 0.0563527 0.0290275 0.0288750 0.0288750 0.0510401 0.0377120 0.0290275 0.0648760 0.0648760 0.0502974 0.0502974 0.0473212 0.0580024 0.0424225 0.0594642 0.0273803 0.0477344 0.0399407 0.0258590 0.0962550 0.0644569 0.0273803 0.0594642 0.0305794 0.0621995 0.0609647 0.0644569 0.0901384 0.0038307 0.0133576 0.0302795 0.0305794 0.0038307 
Yersinia_intermedia__GCF_902170445.1            0.0458382 0.0292654 0.0333128 0.0394136 0.0642756 0.0277449 0.0277449 0.0406983 0.0294702 0.0681107 0.0642756 0.0619672 0.0406983 0.0962550 0.0333128 0.0901384 0.0230034 0.0458382 0.0473212 0.0620919 0.0258590 0.0230034 0.0424225 0.0427049 0.0394136 0.0620919 0.0619672 0.0681107 0.0399407 0.0000010 0.0000000 0.0258456 0.0258456 0.0292654 0.0609647 0.0563527 0.0563527 0.0290275 0.0288750 0.0288750 0.0510401 0.0377120 0.0290275 0.0648760 0.0648760 0.0502974 0.0502974 0.0473212 0.0580024 0.0424225 0.0594642 0.0273803 0.0477344 0.0399407 0.0258590 0.0962550 0.0644569 0.0273803 0.0594642 0.0305794 0.0621995 0.0609647 0.0644569 0.0901384 0.0038307 0.0133576 0.0302795 0.0305794 0.0038307 
Yersinia_thracica__GCF_902170565.1              0.0277127 0.0051617 0.0199413 0.0250678 0.0412094 0.0090785 0.0090785 0.0263619 0.0104959 0.0453902 0.0412094 0.0392930 0.0263619 0.0773463 0.0199413 0.0724870 0.0270440 0.0277127 0.0291626 0.0423892 0.0298957 0.0270440 0.0279288 0.0280958 0.0250678 0.0423892 0.0392930 0.0453902 0.0243959 0.0258456 0.0258456 0.0000000 0.0000010 0.0051617 0.0417908 0.0349204 0.0349204 0.0160058 0.0130030 0.0130030 0.0339034 0.0235282 0.0160058 0.0421700 0.0421700 0.0320625 0.0320625 0.0291626 0.0389284 0.0279288 0.0403546 0.0116406 0.0288267 0.0243959 0.0298957 0.0773463 0.0488511 0.0116406 0.0403546 0.0144768 0.0509733 0.0417908 0.0488511 0.0724870 0.0243227 0.0224023 0.0131208 0.0144768 0.0243227 
Yersinia_thracica__GCF_902170455.1              0.0277127 0.0051617 0.0199413 0.0250678 0.0412094 0.0090785 0.0090785 0.0263619 0.0104959 0.0453902 0.0412094 0.0392930 0.0263619 0.0773463 0.0199413 0.0724870 0.0270440 0.0277127 0.0291626 0.0423892 0.0298957 0.0270440 0.0279288 0.0280958 0.0250678 0.0423892 0.0392930 0.0453902 0.0243959 0.0258456 0.0258456 0.0000010 0.0000000 0.0051617 0.0417908 0.0349204 0.0349204 0.0160058 0.0130030 0.0130030 0.0339034 0.0235282 0.0160058 0.0421700 0.0421700 0.0320625 0.0320625 0.0291626 0.0389284 0.0279288 0.0403546 0.0116406 0.0288267 0.0243959 0.0298957 0.0773463 0.0488511 0.0116406 0.0403546 0.0144768 0.0509733 0.0417908 0.0488511 0.0724870 0.0243227 0.0224023 0.0131208 0.0144768 0.0243227 
Yersinia_rochesterensis__GCF_902170605.1        0.0343391 0.0000010 0.0249090 0.0280089 0.0485841 0.0090971 0.0090971 0.0292944 0.0105187 0.0490832 0.0485841 0.0465203 0.0292944 0.0826081 0.0249090 0.0776200 0.0304585 0.0343391 0.0358065 0.0497361 0.0333727 0.0304585 0.0308843 0.0310719 0.0280089 0.0497361 0.0465203 0.0490832 0.0244695 0.0292654 0.0292654 0.0051617 0.0051617 0.0000000 0.0451130 0.0419940 0.0419940 0.0160464 0.0160061 0.0160061 0.0407050 0.0264459 0.0160464 0.0494511 0.0494511 0.0387423 0.0387423 0.0358065 0.0421897 0.0308843 0.0436442 0.0145962 0.0357364 0.0244695 0.0333727 0.0826081 0.0552635 0.0145962 0.0436442 0.0145118 0.0574684 0.0451130 0.0552635 0.0776200 0.0276889 0.0256406 0.0161527 0.0145118 0.0276889 
Yersinia_massiliensis__GCF_902170615.1          0.0365772 0.0451130 0.0433737 0.0300023 0.0456517 0.0404433 0.0404433 0.0282806 0.0423592 0.0423147 0.0456517 0.0436932 0.0282806 0.0754852 0.0433737 0.0707627 0.0622109 0.0365772 0.0379724 0.0435670 0.0619160 0.0622109 0.0315035 0.0316896 0.0300023 0.0435670 0.0436932 0.0423147 0.0447058 0.0609647 0.0609647 0.0417908 0.0417908 0.0451130 0.0000000 0.0451020 0.0451020 0.0397986 0.0367476 0.0367476 0.0426628 0.0284780 0.0397986 0.0433403 0.0433403 0.0407658 0.0407658 0.0379724 0.0025107 0.0315035 0.0012517 0.0383336 0.0379896 0.0447058 0.0619160 0.0754852 0.0563182 0.0383336 0.0012517 0.0377202 0.0584988 0.0000010 0.0563182 0.0707627 0.0622791 0.0532811 0.0402757 0.0377202 0.0622791 
Yersinia_canariae__GCF_902170775.1              0.0298179 0.0419940 0.0469897 0.0417484 0.0118966 0.0403152 0.0403152 0.0410926 0.0423254 0.0249978 0.0118966 0.0104566 0.0410926 0.0732063 0.0469897 0.0727713 0.0527092 0.0298179 0.0283921 0.0131658 0.0558628 0.0527092 0.0425217 0.0460503 0.0417484 0.0131658 0.0104566 0.0249978 0.0359975 0.0563527 0.0563527 0.0349204 0.0349204 0.0419940 0.0451020 0.0000000 0.0000010 0.0384171 0.0354775 0.0354775 0.0330757 0.0400531 0.0384171 0.0104382 0.0104382 0.0312633 0.0312633 0.0283921 0.0421776 0.0425217 0.0436324 0.0338268 0.0309979 0.0359975 0.0558628 0.0732063 0.0521192 0.0338268 0.0436324 0.0369473 0.0543041 0.0451020 0.0521192 0.0727713 0.0577176 0.0516480 0.0358159 0.0369473 0.0577176 
Yersinia_canariae__GCF_902170705.1              0.0298179 0.0419940 0.0469897 0.0417484 0.0118966 0.0403152 0.0403152 0.0410926 0.0423254 0.0249978 0.0118966 0.0104566 0.0410926 0.0732063 0.0469897 0.0727713 0.0527092 0.0298179 0.0283921 0.0131658 0.0558628 0.0527092 0.0425217 0.0460503 0.0417484 0.0131658 0.0104566 0.0249978 0.0359975 0.0563527 0.0563527 0.0349204 0.0349204 0.0419940 0.0451020 0.0000010 0.0000000 0.0384171 0.0354775 0.0354775 0.0330757 0.0400531 0.0384171 0.0104382 0.0104382 0.0312633 0.0312633 0.0283921 0.0421776 0.0425217 0.0436324 0.0338268 0.0309979 0.0359975 0.0558628 0.0732063 0.0521192 0.0338268 0.0436324 0.0369473 0.0543041 0.0451020 0.0521192 0.0727713 0.0577176 0.0516480 0.0358159 0.0369473 0.0577176 
Yersinia_artesiana__GCF_902170805.1             0.0288531 0.0160464 0.0312675 0.0310836 0.0435153 0.0118688 0.0118688 0.0323986 0.0133433 0.0361905 0.0435153 0.0414403 0.0323986 0.0775896 0.0312675 0.0712452 0.0277185 0.0288531 0.0303151 0.0413069 0.0306402 0.0277185 0.0372847 0.0370922 0.0310836 0.0413069 0.0414403 0.0361905 0.0188348 0.0290275 0.0290275 0.0160058 0.0160058 0.0160464 0.0397986 0.0384171 0.0384171 0.0000000 0.0051588 0.0051588 0.0351187 0.0294471 0.0000010 0.0410818 0.0410818 0.0332418 0.0332418 0.0303151 0.0368707 0.0372847 0.0383299 0.0064878 0.0300234 0.0188348 0.0306402 0.0775896 0.0484981 0.0064878 0.0383299 0.0064488 0.0507128 0.0397986 0.0484981 0.0712452 0.0274675 0.0227382 0.0091563 0.0064488 0.0274675 
Yersinia_proxima__GCF_902170985.1               0.0284193 0.0160061 0.0277668 0.0309764 0.0420109 0.0146386 0.0146386 0.0322859 0.0161564 0.0387488 0.0420109 0.0400140 0.0322859 0.0776727 0.0277668 0.0713576 0.0243501 0.0284193 0.0298612 0.0398861 0.0272041 0.0243501 0.0371476 0.0373863 0.0309764 0.0398861 0.0400140 0.0387488 0.0188175 0.0288750 0.0288750 0.0130030 0.0130030 0.0160061 0.0367476 0.0354775 0.0354775 0.0051588 0.0000000 0.0000010 0.0345927 0.0293479 0.0051588 0.0396784 0.0396784 0.0327483 0.0327483 0.0298612 0.0367383 0.0371476 0.0352854 0.0012568 0.0295558 0.0188175 0.0272041 0.0776727 0.0500799 0.0012568 0.0352854 0.0038440 0.0522994 0.0367476 0.0500799 0.0713576 0.0273208 0.0226116 0.0038042 0.0038440 0.0273208 
Yersinia_proxima__GCF_902170815.1               0.0284193 0.0160061 0.0277668 0.0309764 0.0420109 0.0146386 0.0146386 0.0322859 0.0161564 0.0387488 0.0420109 0.0400140 0.0322859 0.0776727 0.0277668 0.0713576 0.0243501 0.0284193 0.0298612 0.0398861 0.0272041 0.0243501 0.0371476 0.0373863 0.0309764 0.0398861 0.0400140 0.0387488 0.0188175 0.0288750 0.0288750 0.0130030 0.0130030 0.0160061 0.0367476 0.0354775 0.0354775 0.0051588 0.0000010 0.0000000 0.0345927 0.0293479 0.0051588 0.0396784 0.0396784 0.0327483 0.0327483 0.0298612 0.0367383 0.0371476 0.0352854 0.0012568 0.0295558 0.0188175 0.0272041 0.0776727 0.0500799 0.0012568 0.0352854 0.0038440 0.0522994 0.0367476 0.0500799 0.0713576 0.0273208 0.0226116 0.0038042 0.0038440 0.0273208 
Yersinia_similis__GCF_902173105.1               0.0051049 0.0407050 0.0451389 0.0382523 0.0383467 0.0357878 0.0357878 0.0395292 0.0377006 0.0453415 0.0383467 0.0364467 0.0395292 0.0581991 0.0451389 0.0564156 0.0460697 0.0051049 0.0038194 0.0395598 0.0463139 0.0460697 0.0422952 0.0422010 0.0382523 0.0395598 0.0364467 0.0453415 0.0452867 0.0510401 0.0510401 0.0339034 0.0339034 0.0407050 0.0426628 0.0330757 0.0330757 0.0351187 0.0345927 0.0345927 0.0000000 0.0365761 0.0351187 0.0393593 0.0393593 0.0012665 0.0012665 0.0038194 0.0397896 0.0422952 0.0412200 0.0330067 0.0052921 0.0452867 0.0463139 0.0581991 0.0497254 0.0330067 0.0412200 0.0359891 0.0503136 0.0426628 0.0497254 0.0564156 0.0523592 0.0449686 0.0349112 0.0359891 0.0523592 
Yersinia_mollaretii__GCF_902387525.1            0.0303108 0.0264459 0.0230245 0.0012608 0.0404936 0.0279826 0.0279826 0.0025193 0.0297303 0.0436639 0.0404936 0.0385438 0.0025193 0.0650091 0.0230245 0.0613798 0.0417949 0.0303108 0.0317682 0.0417046 0.0415968 0.0417949 0.0090927 0.0091403 0.0012608 0.0417046 0.0385438 0.0436639 0.0348595 0.0377120 0.0377120 0.0235282 0.0235282 0.0264459 0.0284780 0.0400531 0.0400531 0.0294471 0.0293479 0.0293479 0.0365761 0.0000000 0.0294471 0.0414857 0.0414857 0.0346852 0.0346852 0.0317682 0.0257130 0.0090927 0.0270942 0.0277760 0.0315358 0.0348595 0.0415968 0.0650091 0.0518544 0.0277760 0.0270942 0.0270625 0.0541292 0.0284780 0.0518544 0.0613798 0.0355344 0.0365754 0.0296343 0.0270625 0.0355344 
Yersinia_artesiana__GCF_902726525.1             0.0288531 0.0160464 0.0312675 0.0310836 0.0435153 0.0118688 0.0118688 0.0323986 0.0133433 0.0361905 0.0435153 0.0414403 0.0323986 0.0775896 0.0312675 0.0712452 0.0277185 0.0288531 0.0303151 0.0413069 0.0306402 0.0277185 0.0372847 0.0370922 0.0310836 0.0413069 0.0414403 0.0361905 0.0188348 0.0290275 0.0290275 0.0160058 0.0160058 0.0160464 0.0397986 0.0384171 0.0384171 0.0000010 0.0051588 0.0051588 0.0351187 0.0294471 0.0000000 0.0410818 0.0410818 0.0332418 0.0332418 0.0303151 0.0368707 0.0372847 0.0383299 0.0064878 0.0300234 0.0188348 0.0306402 0.0775896 0.0484981 0.0064878 0.0383299 0.0064488 0.0507128 0.0397986 0.0484981 0.0712452 0.0274675 0.0227382 0.0091563 0.0064488 0.0274675 
Yersinia_rohdei__GCF_001223385.1                0.0359852 0.0494511 0.0484556 0.0431882 0.0064541 0.0495455 0.0495455 0.0449571 0.0516426 0.0175991 0.0064541 0.0051062 0.0449571 0.0794193 0.0484556 0.0789830 0.0569330 0.0359852 0.0345526 0.0050864 0.0566487 0.0569330 0.0439371 0.0464929 0.0431882 0.0050864 0.0051062 0.0175991 0.0391380 0.0648760 0.0648760 0.0421700 0.0421700 0.0494511 0.0433403 0.0104382 0.0104382 0.0410818 0.0396784 0.0396784 0.0393593 0.0414857 0.0410818 0.0000000 0.0000010 0.0374446 0.0374446 0.0345526 0.0404152 0.0439371 0.0418710 0.0413375 0.0374151 0.0391380 0.0566487 0.0794193 0.0543385 0.0413375 0.0418710 0.0445991 0.0565277 0.0433403 0.0543385 0.0789830 0.0627830 0.0566066 0.0433925 0.0445991 0.0627830 
Yersinia_rohdei__GCF_001152185.1                0.0359852 0.0494511 0.0484556 0.0431882 0.0064541 0.0495455 0.0495455 0.0449571 0.0516426 0.0175991 0.0064541 0.0051062 0.0449571 0.0794193 0.0484556 0.0789830 0.0569330 0.0359852 0.0345526 0.0050864 0.0566487 0.0569330 0.0439371 0.0464929 0.0431882 0.0050864 0.0051062 0.0175991 0.0391380 0.0648760 0.0648760 0.0421700 0.0421700 0.0494511 0.0433403 0.0104382 0.0104382 0.0410818 0.0396784 0.0396784 0.0393593 0.0414857 0.0410818 0.0000010 0.0000000 0.0374446 0.0374446 0.0345526 0.0404152 0.0439371 0.0418710 0.0413375 0.0374151 0.0391380 0.0566487 0.0794193 0.0543385 0.0413375 0.0418710 0.0445991 0.0565277 0.0433403 0.0543385 0.0789830 0.0627830 0.0566066 0.0433925 0.0445991 0.0627830 
Yersinia_similis__GCF_001114105.1               0.0037870 0.0387423 0.0431323 0.0363319 0.0364161 0.0339035 0.0339035 0.0376042 0.0357701 0.0432204 0.0364161 0.0345625 0.0376042 0.0558287 0.0431323 0.0540735 0.0454358 0.0037870 0.0025185 0.0376288 0.0456719 0.0454358 0.0403488 0.0402193 0.0363319 0.0376288 0.0345625 0.0432204 0.0432267 0.0502974 0.0502974 0.0320625 0.0320625 0.0387423 0.0407658 0.0312633 0.0312633 0.0332418 0.0327483 0.0327483 0.0012665 0.0346852 0.0332418 0.0374446 0.0374446 0.0000000 0.0000010 0.0025185 0.0379283 0.0403488 0.0393420 0.0311881 0.0039243 0.0432267 0.0456719 0.0558287 0.0473759 0.0311881 0.0393420 0.0340876 0.0495121 0.0407658 0.0473759 0.0540735 0.0515821 0.0428984 0.0330474 0.0340876 0.0515821 
Yersinia_similis__GCF_001053095.1               0.0037870 0.0387423 0.0431323 0.0363319 0.0364161 0.0339035 0.0339035 0.0376042 0.0357701 0.0432204 0.0364161 0.0345625 0.0376042 0.0558287 0.0431323 0.0540735 0.0454358 0.0037870 0.0025185 0.0376288 0.0456719 0.0454358 0.0403488 0.0402193 0.0363319 0.0376288 0.0345625 0.0432204 0.0432267 0.0502974 0.0502974 0.0320625 0.0320625 0.0387423 0.0407658 0.0312633 0.0312633 0.0332418 0.0327483 0.0327483 0.0012665 0.0346852 0.0332418 0.0374446 0.0374446 0.0000010 0.0000000 0.0025185 0.0379283 0.0403488 0.0393420 0.0311881 0.0039243 0.0432267 0.0456719 0.0558287 0.0473759 0.0311881 0.0393420 0.0340876 0.0495121 0.0407658 0.0473759 0.0540735 0.0515821 0.0428984 0.0330474 0.0340876 0.0515821 
Yersinia_wautersii__GCF_001319825.1             0.0012553 0.0358065 0.0402325 0.0334067 0.0334780 0.0309770 0.0309770 0.0347009 0.0328154 0.0401573 0.0334780 0.0316530 0.0347009 0.0527452 0.0402325 0.0509821 0.0424757 0.0012553 0.0000010 0.0347175 0.0456033 0.0424757 0.0374738 0.0372894 0.0334067 0.0347175 0.0316530 0.0401573 0.0402561 0.0473212 0.0473212 0.0291626 0.0291626 0.0358065 0.0379724 0.0283921 0.0283921 0.0303151 0.0298612 0.0298612 0.0038194 0.0317682 0.0303151 0.0345526 0.0345526 0.0025185 0.0025185 0.0000000 0.0351250 0.0374738 0.0365448 0.0283078 0.0013012 0.0402561 0.0456033 0.0527452 0.0472947 0.0283078 0.0365448 0.0311397 0.0494234 0.0379724 0.0472947 0.0509821 0.0485892 0.0428374 0.0301368 0.0311397 0.0485892 
Yersinia_massiliensis__GCF_001142305.1          0.0337234 0.0421897 0.0405165 0.0272233 0.0426706 0.0375223 0.0375223 0.0255353 0.0394088 0.0392407 0.0426706 0.0407431 0.0255353 0.0754098 0.0405165 0.0706972 0.0592405 0.0337234 0.0351250 0.0406203 0.0589591 0.0592405 0.0301775 0.0303557 0.0272233 0.0406203 0.0407431 0.0392407 0.0412844 0.0580024 0.0580024 0.0389284 0.0389284 0.0421897 0.0025107 0.0421776 0.0421776 0.0368707 0.0367383 0.0367383 0.0397896 0.0257130 0.0368707 0.0404152 0.0404152 0.0379283 0.0379283 0.0351250 0.0000000 0.0301775 0.0012519 0.0383230 0.0350316 0.0412844 0.0589591 0.0754098 0.0529646 0.0383230 0.0012519 0.0377100 0.0551344 0.0025107 0.0529646 0.0706972 0.0593022 0.0503432 0.0402632 0.0377100 0.0593022 
Yersinia_aleksiciae__GCF_001319845.1            0.0360383 0.0308843 0.0245662 0.0077389 0.0429990 0.0324429 0.0324429 0.0090355 0.0342482 0.0462074 0.0429990 0.0410506 0.0090355 0.0709864 0.0245662 0.0675142 0.0430755 0.0360383 0.0374738 0.0441711 0.0428723 0.0430755 0.0000010 0.0025466 0.0077389 0.0441711 0.0410506 0.0462074 0.0425758 0.0424225 0.0424225 0.0279288 0.0279288 0.0308843 0.0315035 0.0425217 0.0425217 0.0372847 0.0371476 0.0371476 0.0422952 0.0090927 0.0372847 0.0439371 0.0439371 0.0403488 0.0403488 0.0374738 0.0301775 0.0000000 0.0315738 0.0355440 0.0374723 0.0425758 0.0428723 0.0709864 0.0569811 0.0355440 0.0315738 0.0348979 0.0592267 0.0315035 0.0569811 0.0675142 0.0402760 0.0412499 0.0373805 0.0348979 0.0402760 
Yersinia_frederiksenii__GCF_001222845.1         0.0351473 0.0436442 0.0419391 0.0286113 0.0441535 0.0389780 0.0389780 0.0269063 0.0408782 0.0407714 0.0441535 0.0422117 0.0269063 0.0738231 0.0419391 0.0690818 0.0607054 0.0351473 0.0365448 0.0420867 0.0604176 0.0607054 0.0315738 0.0317600 0.0286113 0.0420867 0.0422117 0.0407714 0.0432154 0.0594642 0.0594642 0.0403546 0.0403546 0.0436442 0.0012517 0.0436324 0.0436324 0.0383299 0.0352854 0.0352854 0.0412200 0.0270942 0.0383299 0.0418710 0.0418710 0.0393420 0.0393420 0.0365448 0.0012519 0.0315738 0.0000000 0.0368680 0.0365066 0.0432154 0.0604176 0.0738231 0.0546245 0.0368680 0.0000010 0.0362430 0.0567976 0.0012517 0.0546245 0.0690818 0.0607702 0.0517995 0.0387955 0.0362430 0.0607702 
Yersinia_enterocolitica__GCF_001220145.1        0.0268694 0.0145962 0.0262679 0.0293926 0.0403290 0.0132373 0.0132373 0.0307080 0.0147316 0.0404604 0.0403290 0.0383543 0.0307080 0.0757834 0.0262679 0.0694427 0.0228909 0.0268694 0.0283078 0.0415582 0.0257307 0.0228909 0.0355440 0.0357707 0.0293926 0.0415582 0.0383543 0.0404604 0.0173564 0.0273803 0.0273803 0.0116406 0.0116406 0.0145962 0.0383336 0.0338268 0.0338268 0.0064878 0.0012568 0.0012568 0.0330067 0.0277760 0.0064878 0.0413375 0.0413375 0.0311881 0.0311881 0.0283078 0.0383230 0.0355440 0.0368680 0.0000000 0.0279419 0.0173564 0.0257307 0.0757834 0.0481924 0.0000010 0.0368680 0.0025467 0.0504017 0.0383336 0.0481924 0.0694427 0.0258401 0.0211834 0.0025212 0.0025467 0.0258401 
Yersinia_pestis__GCF_000324045.1                0.0000010 0.0357364 0.0403426 0.0332397 0.0363455 0.0307111 0.0307111 0.0345873 0.0326218 0.0434249 0.0363455 0.0344210 0.0345873 0.0565629 0.0403426 0.0515759 0.0426817 0.0000010 0.0013012 0.0376062 0.0459387 0.0426817 0.0374723 0.0372799 0.0332397 0.0376062 0.0344210 0.0434249 0.0403698 0.0477344 0.0477344 0.0288267 0.0288267 0.0357364 0.0379896 0.0309979 0.0309979 0.0300234 0.0295558 0.0295558 0.0052921 0.0315358 0.0300234 0.0374151 0.0374151 0.0039243 0.0039243 0.0013012 0.0350316 0.0374723 0.0365066 0.0279419 0.0000000 0.0403698 0.0459387 0.0565629 0.0477433 0.0279419 0.0365066 0.0308786 0.0499722 0.0379896 0.0477433 0.0515759 0.0490594 0.0430587 0.0298398 0.0308786 0.0490594 
Yersinia_hibernica__GCF_000597945.1             0.0387733 0.0244695 0.0364851 0.0364885 0.0396884 0.0246373 0.0246373 0.0381396 0.0263097 0.0457396 0.0396884 0.0376729 0.0381396 0.0852222 0.0364851 0.0788656 0.0336070 0.0387733 0.0402561 0.0409537 0.0365499 0.0336070 0.0425758 0.0428491 0.0364885 0.0409537 0.0376729 0.0457396 0.0000010 0.0399407 0.0399407 0.0243959 0.0243959 0.0244695 0.0447058 0.0359975 0.0359975 0.0188348 0.0188175 0.0188175 0.0452867 0.0348595 0.0188348 0.0391380 0.0391380 0.0432267 0.0432267 0.0402561 0.0412844 0.0425758 0.0432154 0.0173564 0.0403698 0.0000000 0.0365499 0.0852222 0.0605016 0.0173564 0.0432154 0.0172549 0.0627558 0.0447058 0.0605016 0.0788656 0.0395676 0.0344553 0.0202206 0.0172549 0.0395676 
