56
Yersinia_pseudotuberculosis__GCF_900460735.1    0.0000000 0.2911684 0.3422843 0.4122493 0.4649326 0.2425161 0.2425161 0.4902658 0.3768577 0.4649326 0.4902658 0.6971299 0.3422843 0.6800982 0.4258252 0.0745218 0.0361050 0.4258252 0.4096351 0.4096351 0.4122493 0.3768577 0.3796023 0.2937924 0.2937924 0.2893610 0.2893610 0.2911684 0.3555181 0.5068583 0.3512793 0.3512793 0.3389618 0.4009405 0.4009405 0.0000010 0.0361050 0.1952044 0.5432139 0.3389618 0.2557274 0.5917068 0.2557274 0.1952044 0.5068583 0.2412338 0.3796023 0.6971299 0.8493570 0.2412338 0.8493570 0.6800982 0.2574504 0.3468377 0.3468377 0.8570918 
Yersinia_rochesterensis__GCF_946902935.1        0.2911684 0.0000000 0.2289412 0.2487693 0.3565403 0.0370079 0.0370079 0.3108907 0.2941545 0.3565403 0.3108907 0.6767113 0.2289412 0.6805588 0.1844042 0.2028904 0.2512092 0.1844042 0.2992257 0.2992257 0.2487693 0.2941545 0.2846277 0.1134704 0.1134704 0.0360794 0.0360794 0.0000010 0.1071101 0.3163306 0.2519254 0.2519254 0.2534538 0.2990544 0.2990544 0.2911684 0.2512092 0.3352104 0.3615244 0.2534538 0.0771927 0.4107711 0.0771927 0.3352104 0.3163306 0.1588166 0.2846277 0.6767113 0.7389289 0.1588166 0.7389289 0.6805588 0.1208262 0.1561600 0.1561600 0.7464136 
Yersinia_pekkanenii__GCF_963868735.1            0.3422843 0.2289412 0.0000000 0.3740867 0.3419433 0.2738437 0.2738437 0.4196619 0.2835168 0.3419433 0.4196619 0.7555479 0.0000010 0.7478213 0.2883273 0.2513318 0.3023604 0.2883273 0.3500329 0.3500329 0.3740867 0.2835168 0.3158475 0.1886739 0.1886739 0.1918322 0.1918322 0.2289412 0.2598121 0.4306257 0.3294862 0.3294862 0.3313399 0.3741995 0.3741995 0.3422843 0.3023604 0.3867869 0.4628058 0.3313399 0.3243698 0.5285996 0.3243698 0.3867869 0.4306257 0.2365770 0.3158475 0.7555479 0.7661005 0.2365770 0.7661005 0.7478213 0.3268925 0.2324750 0.2324750 0.7739579 
Yersinia_bercovieri__GCF_963900425.1            0.4122493 0.2487693 0.3740867 0.0000000 0.3190958 0.1988535 0.1988535 0.1140397 0.3506044 0.3190958 0.1140397 0.7784723 0.3740867 0.7958167 0.2833010 0.4092231 0.3532841 0.2833010 0.1112273 0.1112273 0.0000010 0.3506044 0.2005038 0.1574405 0.1574405 0.2024525 0.2024525 0.2487693 0.2745690 0.1532687 0.2052968 0.2052968 0.2966691 0.2513374 0.2513374 0.4122493 0.3532841 0.5486326 0.1547625 0.2966691 0.2693854 0.1174697 0.2693854 0.5486326 0.1532687 0.1997914 0.2005038 0.7784723 1.0666709 0.1997914 1.0666709 0.7958167 0.2456734 0.2033531 0.2033531 1.0771128 
Yersinia_alsatica__GCF_963900355.1              0.4649326 0.3565403 0.3419433 0.3190958 0.0000000 0.3025259 0.3025259 0.2553726 0.1143334 0.0000010 0.2553726 0.6809123 0.3419433 0.6731423 0.4039619 0.4603703 0.4037851 0.4039619 0.2440637 0.2440637 0.3190958 0.1143334 0.1602960 0.2139300 0.2139300 0.3146778 0.3146778 0.3565403 0.3857610 0.2585677 0.0762956 0.0762956 0.1569981 0.1158407 0.1158407 0.4649326 0.4037851 0.4866514 0.2025845 0.1569981 0.3907326 0.2536136 0.3907326 0.4866514 0.2585677 0.1622561 0.1602960 0.6809123 0.7328033 0.1622561 0.7328033 0.6731423 0.3954736 0.1651259 0.1651259 0.7399498 
Yersinia_kristensenii__GCF_963870645.1          0.2425161 0.0370079 0.2738437 0.1988535 0.3025259 0.0000000 0.0000010 0.2560380 0.2447974 0.3025259 0.2560380 0.6187974 0.2738437 0.6221281 0.2295933 0.2512092 0.2029152 0.2295933 0.2472259 0.2472259 0.1988535 0.2447974 0.2373404 0.1561078 0.1561078 0.0744699 0.0744699 0.0370079 0.1467658 0.2601453 0.2033073 0.2033073 0.2045095 0.2486466 0.2486466 0.2425161 0.2029152 0.3868037 0.3050717 0.2045095 0.0372979 0.3534595 0.0372979 0.3868037 0.2601453 0.1153282 0.2373404 0.6187974 0.7988513 0.1153282 0.7988513 0.6221281 0.0777018 0.2014142 0.2014142 0.8067549 
Yersinia_kristensenii__GCF_963873565.1          0.2425161 0.0370079 0.2738437 0.1988535 0.3025259 0.0000010 0.0000000 0.2560380 0.2447974 0.3025259 0.2560380 0.6187974 0.2738437 0.6221281 0.2295933 0.2512092 0.2029152 0.2295933 0.2472259 0.2472259 0.1988535 0.2447974 0.2373404 0.1561078 0.1561078 0.0744699 0.0744699 0.0370079 0.1467658 0.2601453 0.2033073 0.2033073 0.2045095 0.2486466 0.2486466 0.2425161 0.2029152 0.3868037 0.3050717 0.2045095 0.0372979 0.3534595 0.0372979 0.3868037 0.2601453 0.1153282 0.2373404 0.6187974 0.7988513 0.1153282 0.7988513 0.6221281 0.0777018 0.2014142 0.2014142 0.8067549 
Yersinia_mollaretii__GCF_963887555.1            0.4902658 0.3108907 0.4196619 0.1140397 0.2553726 0.2560380 0.2560380 0.0000000 0.4009402 0.2553726 0.0000010 0.8681211 0.4196619 0.8849503 0.3441182 0.4845308 0.4233544 0.3441182 0.1563941 0.1563941 0.1140397 0.4009402 0.2959957 0.2086648 0.2086648 0.2578321 0.2578321 0.3108907 0.3306555 0.2024557 0.1597466 0.1597466 0.3603805 0.3119959 0.3119959 0.4902658 0.4233544 0.6276809 0.1088203 0.3603805 0.3406018 0.0741497 0.3406018 0.6276809 0.2024557 0.2541723 0.2959957 0.8681211 1.0644580 0.2541723 1.0644580 0.8849503 0.3069338 0.2592250 0.2592250 1.0739422 
Yersinia_vastinensis__GCF_963900675.1           0.3768577 0.2941545 0.2835168 0.3506044 0.1143334 0.2447974 0.2447974 0.4009402 0.0000000 0.1143334 0.4009402 0.5041960 0.2835168 0.4975950 0.4273779 0.3914792 0.3391733 0.4273779 0.2752457 0.2752457 0.3506044 0.0000010 0.1952875 0.2488941 0.2488941 0.2537001 0.2537001 0.2941545 0.3571823 0.2912392 0.2030015 0.2030015 0.1117551 0.1511258 0.1511258 0.3768577 0.3391733 0.4200476 0.3406185 0.1117551 0.2978315 0.4041078 0.2978315 0.4200476 0.2912392 0.1151437 0.1952875 0.5041960 0.5883609 0.1151437 0.5883609 0.4975950 0.3001282 0.2011138 0.2011138 0.5945536 
Yersinia_alsatica__GCF_963901175.1              0.4649326 0.3565403 0.3419433 0.3190958 0.0000010 0.3025259 0.3025259 0.2553726 0.1143334 0.0000000 0.2553726 0.6809123 0.3419433 0.6731423 0.4039619 0.4603703 0.4037851 0.4039619 0.2440637 0.2440637 0.3190958 0.1143334 0.1602960 0.2139300 0.2139300 0.3146778 0.3146778 0.3565403 0.3857610 0.2585677 0.0762956 0.0762956 0.1569981 0.1158407 0.1158407 0.4649326 0.4037851 0.4866514 0.2025845 0.1569981 0.3907326 0.2536136 0.3907326 0.4866514 0.2585677 0.1622561 0.1602960 0.6809123 0.7328033 0.1622561 0.7328033 0.6731423 0.3954736 0.1651259 0.1651259 0.7399498 
Yersinia_mollaretii__GCF_963900165.1            0.4902658 0.3108907 0.4196619 0.1140397 0.2553726 0.2560380 0.2560380 0.0000010 0.4009402 0.2553726 0.0000000 0.8681211 0.4196619 0.8849503 0.3441182 0.4845308 0.4233544 0.3441182 0.1563941 0.1563941 0.1140397 0.4009402 0.2959957 0.2086648 0.2086648 0.2578321 0.2578321 0.3108907 0.3306555 0.2024557 0.1597466 0.1597466 0.3603805 0.3119959 0.3119959 0.4902658 0.4233544 0.6276809 0.1088203 0.3603805 0.3406018 0.0741497 0.3406018 0.6276809 0.2024557 0.2541723 0.2959957 0.8681211 1.0644580 0.2541723 1.0644580 0.8849503 0.3069338 0.2592250 0.2592250 1.0739422 
Yersinia_entomophaga__GCF_965137505.1           0.6971299 0.6767113 0.7555479 0.7784723 0.6809123 0.6187974 0.6187974 0.8681211 0.5041960 0.6809123 0.8681211 0.0000000 0.7555479 0.0378075 0.7188288 0.7293676 0.6680741 0.7188288 0.7661455 0.7661455 0.7784723 0.5041960 0.5070561 0.6776812 0.6776812 0.6929723 0.6929723 0.6767113 0.6002714 0.8232411 0.6334724 0.6334724 0.5790121 0.6256503 0.6256503 0.6971299 0.6680741 0.6078322 0.7989790 0.5790121 0.6901519 0.8346071 0.6901519 0.6078322 0.8232411 0.5190374 0.5070561 0.0000010 0.3836293 0.5190374 0.3836293 0.0378075 0.7042840 0.6220693 0.6220693 0.3879229 
Yersinia_pekkanenii__GCF_001244635.1            0.3422843 0.2289412 0.0000010 0.3740867 0.3419433 0.2738437 0.2738437 0.4196619 0.2835168 0.3419433 0.4196619 0.7555479 0.0000000 0.7478213 0.2883273 0.2513318 0.3023604 0.2883273 0.3500329 0.3500329 0.3740867 0.2835168 0.3158475 0.1886739 0.1886739 0.1918322 0.1918322 0.2289412 0.2598121 0.4306257 0.3294862 0.3294862 0.3313399 0.3741995 0.3741995 0.3422843 0.3023604 0.3867869 0.4628058 0.3313399 0.3243698 0.5285996 0.3243698 0.3867869 0.4306257 0.2365770 0.3158475 0.7555479 0.7661005 0.2365770 0.7661005 0.7478213 0.3268925 0.2324750 0.2324750 0.7739579 
Yersinia_nurmii__GCF_001112925.1                0.6800982 0.6805588 0.7478213 0.7958167 0.6731423 0.6221281 0.6221281 0.8849503 0.4975950 0.6731423 0.8849503 0.0378075 0.7478213 0.0000000 0.7106457 0.7104062 0.6512016 0.7106457 0.7872066 0.7872066 0.7958167 0.4975950 0.5002260 0.6701067 0.6701067 0.6852006 0.6852006 0.6805588 0.5931461 0.8411916 0.6257200 0.6257200 0.5709892 0.6176271 0.6176271 0.6800982 0.6512016 0.5926435 0.8169598 0.5709892 0.6942542 0.8513732 0.6942542 0.5926435 0.8411916 0.5120005 0.5002260 0.0378075 0.3138971 0.5120005 0.3138971 0.0000010 0.7087154 0.6145887 0.6145887 0.3171203 
Yersinia_aldovae__GCF_001091225.1               0.4258252 0.1844042 0.2883273 0.2833010 0.4039619 0.2295933 0.2295933 0.3441182 0.4273779 0.4039619 0.3441182 0.7188288 0.2883273 0.7106457 0.0000000 0.3066395 0.3631737 0.0000010 0.2630702 0.2630702 0.2833010 0.4273779 0.2329754 0.1479058 0.1479058 0.1455794 0.1455794 0.1844042 0.2179197 0.3499528 0.2954940 0.2954940 0.3898388 0.3438271 0.3438271 0.4258252 0.3631737 0.3412644 0.3916183 0.3898388 0.2984493 0.4372335 0.2984493 0.3412644 0.3499528 0.2864633 0.2329754 0.7188288 0.7729947 0.2864633 0.7729947 0.7106457 0.3577941 0.1937709 0.1937709 0.7811225 
Yersinia_wautersii__GCF_000493475.1             0.0745218 0.2028904 0.2513318 0.4092231 0.4603703 0.2512092 0.2512092 0.4845308 0.3914792 0.4603703 0.4845308 0.7293676 0.2513318 0.7104062 0.3066395 0.0000000 0.0370984 0.3066395 0.4061777 0.4061777 0.4092231 0.3914792 0.3777699 0.1983238 0.1983238 0.2018656 0.2018656 0.2028904 0.2734018 0.5003359 0.3501435 0.3501435 0.3522475 0.3983732 0.3983732 0.0745218 0.0370984 0.1136914 0.5358391 0.3522475 0.3061234 0.5829802 0.3061234 0.1136914 0.5003359 0.2498015 0.3777699 0.7293676 0.7702527 0.2498015 0.7702527 0.7104062 0.3086250 0.2451407 0.2451407 0.7779979 
Yersinia_wautersii__GCF_000493415.1             0.0361050 0.2512092 0.3023604 0.3532841 0.4037851 0.2029152 0.2029152 0.4233544 0.3391733 0.4037851 0.4233544 0.6680741 0.3023604 0.6512016 0.3631737 0.0370984 0.0000000 0.3631737 0.3413778 0.3413778 0.3532841 0.3391733 0.3278913 0.2451297 0.2451297 0.2497508 0.2497508 0.2512092 0.3199871 0.4364963 0.2976664 0.2976664 0.2994535 0.3449225 0.3449225 0.0361050 0.0000010 0.1564241 0.4743322 0.2994535 0.2541894 0.5222394 0.2541894 0.1564241 0.4364963 0.2019223 0.3278913 0.6680741 0.8296283 0.2019223 0.8296283 0.6512016 0.2558762 0.2943567 0.2943567 0.8376820 
Yersinia_aldovae__GCF_902168585.1               0.4258252 0.1844042 0.2883273 0.2833010 0.4039619 0.2295933 0.2295933 0.3441182 0.4273779 0.4039619 0.3441182 0.7188288 0.2883273 0.7106457 0.0000010 0.3066395 0.3631737 0.0000000 0.2630702 0.2630702 0.2833010 0.4273779 0.2329754 0.1479058 0.1479058 0.1455794 0.1455794 0.1844042 0.2179197 0.3499528 0.2954940 0.2954940 0.3898388 0.3438271 0.3438271 0.4258252 0.3631737 0.3412644 0.3916183 0.3898388 0.2984493 0.4372335 0.2984493 0.3412644 0.3499528 0.2864633 0.2329754 0.7188288 0.7729947 0.2864633 0.7729947 0.7106457 0.3577941 0.1937709 0.1937709 0.7811225 
Yersinia_aleksiciae__GCF_902168445.1            0.4096351 0.2992257 0.3500329 0.1112273 0.2440637 0.2472259 0.2472259 0.1563941 0.2752457 0.2440637 0.1563941 0.7661455 0.3500329 0.7872066 0.2630702 0.4061777 0.3413778 0.2630702 0.0000000 0.0000010 0.1112273 0.2752457 0.2859515 0.2022450 0.2022450 0.2492228 0.2492228 0.2992257 0.3194950 0.1083069 0.2531274 0.2531274 0.2373910 0.1956196 0.1956196 0.4096351 0.3413778 0.5708177 0.1986842 0.2373910 0.3258496 0.2413664 0.3258496 0.5708177 0.1083069 0.2458444 0.2859515 0.7661455 0.8983387 0.2458444 0.8983387 0.7872066 0.2955737 0.2504843 0.2504843 0.9077237 
Yersinia_aleksiciae__GCF_902168465.1            0.4096351 0.2992257 0.3500329 0.1112273 0.2440637 0.2472259 0.2472259 0.1563941 0.2752457 0.2440637 0.1563941 0.7661455 0.3500329 0.7872066 0.2630702 0.4061777 0.3413778 0.2630702 0.0000010 0.0000000 0.1112273 0.2752457 0.2859515 0.2022450 0.2022450 0.2492228 0.2492228 0.2992257 0.3194950 0.1083069 0.2531274 0.2531274 0.2373910 0.1956196 0.1956196 0.4096351 0.3413778 0.5708177 0.1986842 0.2373910 0.3258496 0.2413664 0.3258496 0.5708177 0.1083069 0.2458444 0.2859515 0.7661455 0.8983387 0.2458444 0.8983387 0.7872066 0.2955737 0.2504843 0.2504843 0.9077237 
Yersinia_bercovieri__GCF_902168545.1            0.4122493 0.2487693 0.3740867 0.0000010 0.3190958 0.1988535 0.1988535 0.1140397 0.3506044 0.3190958 0.1140397 0.7784723 0.3740867 0.7958167 0.2833010 0.4092231 0.3532841 0.2833010 0.1112273 0.1112273 0.0000000 0.3506044 0.2005038 0.1574405 0.1574405 0.2024525 0.2024525 0.2487693 0.2745690 0.1532687 0.2052968 0.2052968 0.2966691 0.2513374 0.2513374 0.4122493 0.3532841 0.5486326 0.1547625 0.2966691 0.2693854 0.1174697 0.2693854 0.5486326 0.1532687 0.1997914 0.2005038 0.7784723 1.0666709 0.1997914 1.0666709 0.7958167 0.2456734 0.2033531 0.2033531 1.0771128 
Yersinia_vastinensis__GCF_902170245.1           0.3768577 0.2941545 0.2835168 0.3506044 0.1143334 0.2447974 0.2447974 0.4009402 0.0000010 0.1143334 0.4009402 0.5041960 0.2835168 0.4975950 0.4273779 0.3914792 0.3391733 0.4273779 0.2752457 0.2752457 0.3506044 0.0000000 0.1952875 0.2488941 0.2488941 0.2537001 0.2537001 0.2941545 0.3571823 0.2912392 0.2030015 0.2030015 0.1117551 0.1511258 0.1511258 0.3768577 0.3391733 0.4200476 0.3406185 0.1117551 0.2978315 0.4041078 0.2978315 0.4200476 0.2912392 0.1151437 0.1952875 0.5041960 0.5883609 0.1151437 0.5883609 0.4975950 0.3001282 0.2011138 0.2011138 0.5945536 
Yersinia_hibernica__GCF_902170435.1             0.3796023 0.2846277 0.3158475 0.2005038 0.1602960 0.2373404 0.2373404 0.2959957 0.1952875 0.1602960 0.2959957 0.5070561 0.3158475 0.5002260 0.2329754 0.3777699 0.3278913 0.2329754 0.2859515 0.2859515 0.2005038 0.1952875 0.0000000 0.1566731 0.1566731 0.2456058 0.2456058 0.2846277 0.2401824 0.3036127 0.1147396 0.1147396 0.2013615 0.1560554 0.1560554 0.3796023 0.3278913 0.2459325 0.2421592 0.2013615 0.3071788 0.2461692 0.3071788 0.2459325 0.3036127 0.1121418 0.0000010 0.5070561 0.5796487 0.1121418 0.5796487 0.5002260 0.3097236 0.1138738 0.1138738 0.5859818 
Yersinia_intermedia__GCF_902170555.1            0.2937924 0.1134704 0.1886739 0.1574405 0.2139300 0.1561078 0.1561078 0.2086648 0.2488941 0.2139300 0.2086648 0.6776812 0.1886739 0.6701067 0.1479058 0.1983238 0.2451297 0.1479058 0.2022450 0.2022450 0.1574405 0.2488941 0.1566731 0.0000000 0.0000010 0.0754609 0.0754609 0.1134704 0.1487367 0.2136880 0.1198464 0.1198464 0.2078716 0.1636323 0.1636323 0.2937924 0.2451297 0.3266999 0.2547184 0.2078716 0.2159934 0.3008656 0.2159934 0.3266999 0.2136880 0.1169864 0.1566731 0.6776812 0.7267243 0.1169864 0.7267243 0.6701067 0.2172765 0.0370511 0.0370511 0.7339290 
Yersinia_intermedia__GCF_902170445.1            0.2937924 0.1134704 0.1886739 0.1574405 0.2139300 0.1561078 0.1561078 0.2086648 0.2488941 0.2139300 0.2086648 0.6776812 0.1886739 0.6701067 0.1479058 0.1983238 0.2451297 0.1479058 0.2022450 0.2022450 0.1574405 0.2488941 0.1566731 0.0000010 0.0000000 0.0754609 0.0754609 0.1134704 0.1487367 0.2136880 0.1198464 0.1198464 0.2078716 0.1636323 0.1636323 0.2937924 0.2451297 0.3266999 0.2547184 0.2078716 0.2159934 0.3008656 0.2159934 0.3266999 0.2136880 0.1169864 0.1566731 0.6776812 0.7267243 0.1169864 0.7267243 0.6701067 0.2172765 0.0370511 0.0370511 0.7339290 
Yersinia_thracica__GCF_902170565.1              0.2893610 0.0360794 0.1918322 0.2024525 0.3146778 0.0744699 0.0744699 0.2578321 0.2537001 0.3146778 0.2578321 0.6929723 0.1918322 0.6852006 0.1455794 0.2018656 0.2497508 0.1455794 0.2492228 0.2492228 0.2024525 0.2537001 0.2456058 0.0754609 0.0754609 0.0000000 0.0000010 0.0360794 0.0713782 0.2618383 0.2105388 0.2105388 0.2118347 0.2578873 0.2578873 0.2893610 0.2497508 0.3329623 0.3053162 0.2118347 0.1163973 0.3522447 0.1163973 0.3329623 0.2618383 0.1189529 0.2456058 0.6929723 0.7436438 0.1189529 0.7436438 0.6852006 0.1617829 0.1170262 0.1170262 0.7511473 
Yersinia_thracica__GCF_902170455.1              0.2893610 0.0360794 0.1918322 0.2024525 0.3146778 0.0744699 0.0744699 0.2578321 0.2537001 0.3146778 0.2578321 0.6929723 0.1918322 0.6852006 0.1455794 0.2018656 0.2497508 0.1455794 0.2492228 0.2492228 0.2024525 0.2537001 0.2456058 0.0754609 0.0754609 0.0000010 0.0000000 0.0360794 0.0713782 0.2618383 0.2105388 0.2105388 0.2118347 0.2578873 0.2578873 0.2893610 0.2497508 0.3329623 0.3053162 0.2118347 0.1163973 0.3522447 0.1163973 0.3329623 0.2618383 0.1189529 0.2456058 0.6929723 0.7436438 0.1189529 0.7436438 0.6852006 0.1617829 0.1170262 0.1170262 0.7511473 
Yersinia_rochesterensis__GCF_902170605.1        0.2911684 0.0000010 0.2289412 0.2487693 0.3565403 0.0370079 0.0370079 0.3108907 0.2941545 0.3565403 0.3108907 0.6767113 0.2289412 0.6805588 0.1844042 0.2028904 0.2512092 0.1844042 0.2992257 0.2992257 0.2487693 0.2941545 0.2846277 0.1134704 0.1134704 0.0360794 0.0360794 0.0000000 0.1071101 0.3163306 0.2519254 0.2519254 0.2534538 0.2990544 0.2990544 0.2911684 0.2512092 0.3352104 0.3615244 0.2534538 0.0771927 0.4107711 0.0771927 0.3352104 0.3163306 0.1588166 0.2846277 0.6767113 0.7389289 0.1588166 0.7389289 0.6805588 0.1208262 0.1561600 0.1561600 0.7464136 
Yersinia_rochesterensis__GCF_902170465.1        0.3555181 0.1071101 0.2598121 0.2745690 0.3857610 0.1467658 0.1467658 0.3306555 0.3571823 0.3857610 0.3306555 0.6002714 0.2598121 0.5931461 0.2179197 0.2734018 0.3199871 0.2179197 0.3194950 0.3194950 0.2745690 0.3571823 0.2401824 0.1487367 0.1487367 0.0713782 0.0713782 0.1071101 0.0000000 0.3358018 0.2855009 0.2855009 0.2973115 0.3438271 0.3438271 0.3555181 0.3199871 0.3249237 0.3748623 0.2973115 0.1903442 0.4174983 0.1903442 0.3249237 0.3358018 0.1944463 0.2401824 0.6002714 0.8102326 0.1944463 0.8102326 0.5931461 0.2369497 0.1912015 0.1912015 0.8189725 
Yersinia_massiliensis__GCF_902170615.1          0.5068583 0.3163306 0.4306257 0.1532687 0.2585677 0.2601453 0.2601453 0.2024557 0.2912392 0.2585677 0.2024557 0.8232411 0.4306257 0.8411916 0.3499528 0.5003359 0.4364963 0.3499528 0.1083069 0.1083069 0.1532687 0.2912392 0.3036127 0.2136880 0.2136880 0.2618383 0.2618383 0.3163306 0.3358018 0.0000000 0.2690704 0.2690704 0.2508716 0.2061401 0.2061401 0.5068583 0.4364963 0.6475757 0.2466772 0.2508716 0.3475523 0.2908967 0.3475523 0.6475757 0.0000010 0.2605875 0.3036127 0.8232411 0.9369248 0.2605875 0.9369248 0.8411916 0.2789745 0.2659591 0.2659591 0.9454663 
Yersinia_canariae__GCF_902170775.1              0.3512793 0.2519254 0.3294862 0.2052968 0.0762956 0.2033073 0.2033073 0.1597466 0.2030015 0.0762956 0.1597466 0.6334724 0.3294862 0.6257200 0.2954940 0.3501435 0.2976664 0.2954940 0.2531274 0.2531274 0.2052968 0.2030015 0.1147396 0.1198464 0.1198464 0.2105388 0.2105388 0.2519254 0.2855009 0.2690704 0.0000000 0.0000010 0.1622561 0.1195183 0.1195183 0.3512793 0.2976664 0.3814395 0.1142438 0.1622561 0.2723017 0.1547220 0.2723017 0.3814395 0.2690704 0.0759974 0.1147396 0.6334724 0.8063687 0.0759974 0.8063687 0.6257200 0.2744187 0.0771577 0.0771577 0.8145493 
Yersinia_canariae__GCF_902170705.1              0.3512793 0.2519254 0.3294862 0.2052968 0.0762956 0.2033073 0.2033073 0.1597466 0.2030015 0.0762956 0.1597466 0.6334724 0.3294862 0.6257200 0.2954940 0.3501435 0.2976664 0.2954940 0.2531274 0.2531274 0.2052968 0.2030015 0.1147396 0.1198464 0.1198464 0.2105388 0.2105388 0.2519254 0.2855009 0.2690704 0.0000010 0.0000000 0.1622561 0.1195183 0.1195183 0.3512793 0.2976664 0.3814395 0.1142438 0.1622561 0.2723017 0.1547220 0.2723017 0.3814395 0.2690704 0.0759974 0.1147396 0.6334724 0.8063687 0.0759974 0.8063687 0.6257200 0.2744187 0.0771577 0.0771577 0.8145493 
Yersinia_artesiana__GCF_902170805.1             0.3389618 0.2534538 0.3313399 0.2966691 0.1569981 0.2045095 0.2045095 0.3603805 0.1117551 0.1569981 0.3603805 0.5790121 0.3313399 0.5709892 0.3898388 0.3522475 0.2994535 0.3898388 0.2373910 0.2373910 0.2966691 0.1117551 0.2013615 0.2078716 0.2078716 0.2118347 0.2118347 0.2534538 0.2973115 0.2508716 0.1622561 0.1622561 0.0000000 0.0364747 0.0364747 0.3389618 0.2994535 0.4014416 0.3002487 0.0000010 0.2565104 0.3465079 0.2565104 0.4014416 0.2508716 0.0764107 0.2013615 0.5790121 0.7071990 0.0764107 0.7071990 0.5709892 0.2582509 0.1608403 0.1608403 0.7145406 
Yersinia_proxima__GCF_902170985.1               0.4009405 0.2990544 0.3741995 0.2513374 0.1158407 0.2486466 0.2486466 0.3119959 0.1511258 0.1158407 0.3119959 0.6256503 0.3741995 0.6176271 0.3438271 0.3983732 0.3449225 0.3438271 0.1956196 0.1956196 0.2513374 0.1511258 0.1560554 0.1636323 0.1636323 0.2578873 0.2578873 0.2990544 0.3438271 0.2061401 0.1195183 0.1195183 0.0364747 0.0000000 0.0000010 0.4009405 0.3449225 0.4480643 0.2541105 0.0364747 0.3247819 0.3002086 0.3247819 0.4480643 0.2061401 0.1166739 0.1560554 0.6256503 0.7472492 0.1166739 0.7472492 0.6176271 0.3278390 0.1185666 0.1185666 0.7546236 
Yersinia_proxima__GCF_902170815.1               0.4009405 0.2990544 0.3741995 0.2513374 0.1158407 0.2486466 0.2486466 0.3119959 0.1511258 0.1158407 0.3119959 0.6256503 0.3741995 0.6176271 0.3438271 0.3983732 0.3449225 0.3438271 0.1956196 0.1956196 0.2513374 0.1511258 0.1560554 0.1636323 0.1636323 0.2578873 0.2578873 0.2990544 0.3438271 0.2061401 0.1195183 0.1195183 0.0364747 0.0000010 0.0000000 0.4009405 0.3449225 0.4480643 0.2541105 0.0364747 0.3247819 0.3002086 0.3247819 0.4480643 0.2061401 0.1166739 0.1560554 0.6256503 0.7472492 0.1166739 0.7472492 0.6176271 0.3278390 0.1185666 0.1185666 0.7546236 
Yersinia_pseudotuberculosis__GCA_902171145.1    0.0000010 0.2911684 0.3422843 0.4122493 0.4649326 0.2425161 0.2425161 0.4902658 0.3768577 0.4649326 0.4902658 0.6971299 0.3422843 0.6800982 0.4258252 0.0745218 0.0361050 0.4258252 0.4096351 0.4096351 0.4122493 0.3768577 0.3796023 0.2937924 0.2937924 0.2893610 0.2893610 0.2911684 0.3555181 0.5068583 0.3512793 0.3512793 0.3389618 0.4009405 0.4009405 0.0000000 0.0361050 0.1952044 0.5432139 0.3389618 0.2557274 0.5917068 0.2557274 0.1952044 0.5068583 0.2412338 0.3796023 0.6971299 0.8493570 0.2412338 0.8493570 0.6800982 0.2574504 0.3468377 0.3468377 0.8570918 
Yersinia_pseudotuberculosis__GCA_902172005.1    0.0361050 0.2512092 0.3023604 0.3532841 0.4037851 0.2029152 0.2029152 0.4233544 0.3391733 0.4037851 0.4233544 0.6680741 0.3023604 0.6512016 0.3631737 0.0370984 0.0000010 0.3631737 0.3413778 0.3413778 0.3532841 0.3391733 0.3278913 0.2451297 0.2451297 0.2497508 0.2497508 0.2512092 0.3199871 0.4364963 0.2976664 0.2976664 0.2994535 0.3449225 0.3449225 0.0361050 0.0000000 0.1564241 0.4743322 0.2994535 0.2541894 0.5222394 0.2541894 0.1564241 0.4364963 0.2019223 0.3278913 0.6680741 0.8296283 0.2019223 0.8296283 0.6512016 0.2558762 0.2943567 0.2943567 0.8376820 
Yersinia_similis__GCF_902173105.1               0.1952044 0.3352104 0.3867869 0.5486326 0.4866514 0.3868037 0.3868037 0.6276809 0.4200476 0.4866514 0.6276809 0.6078322 0.3867869 0.5926435 0.3412644 0.1136914 0.1564241 0.3412644 0.5708177 0.5708177 0.5486326 0.4200476 0.2459325 0.3266999 0.3266999 0.3329623 0.3329623 0.3352104 0.3249237 0.6475757 0.3814395 0.3814395 0.4014416 0.4480643 0.4480643 0.1952044 0.1564241 0.0000000 0.5589625 0.4014416 0.4466570 0.6024450 0.4466570 0.0000010 0.6475757 0.2841686 0.2459325 0.6078322 0.6347012 0.2841686 0.6347012 0.5926435 0.4519958 0.2789272 0.2789272 0.6421798 
Yersinia_mollaretii__GCF_902387525.1            0.5432139 0.3615244 0.4628058 0.1547625 0.2025845 0.3050717 0.3050717 0.1088203 0.3406185 0.2025845 0.1088203 0.7989790 0.4628058 0.8169598 0.3916183 0.5358391 0.4743322 0.3916183 0.1986842 0.1986842 0.1547625 0.3406185 0.2421592 0.2547184 0.2547184 0.3053162 0.3053162 0.3615244 0.3748623 0.2466772 0.1142438 0.1142438 0.3002487 0.2541105 0.2541105 0.5432139 0.4743322 0.5589625 0.0000000 0.3002487 0.3981291 0.1053633 0.3981291 0.5589625 0.2466772 0.2016882 0.2421592 0.7989790 1.0018216 0.2016882 1.0018216 0.8169598 0.3571029 0.2053398 0.2053398 1.0113334 
Yersinia_artesiana__GCF_902726525.1             0.3389618 0.2534538 0.3313399 0.2966691 0.1569981 0.2045095 0.2045095 0.3603805 0.1117551 0.1569981 0.3603805 0.5790121 0.3313399 0.5709892 0.3898388 0.3522475 0.2994535 0.3898388 0.2373910 0.2373910 0.2966691 0.1117551 0.2013615 0.2078716 0.2078716 0.2118347 0.2118347 0.2534538 0.2973115 0.2508716 0.1622561 0.1622561 0.0000010 0.0364747 0.0364747 0.3389618 0.2994535 0.4014416 0.3002487 0.0000000 0.2565104 0.3465079 0.2565104 0.4014416 0.2508716 0.0764107 0.2013615 0.5790121 0.7071990 0.0764107 0.7071990 0.5709892 0.2582509 0.1608403 0.1608403 0.7145406 
Yersinia_rohdei__GCF_001223385.1                0.2557274 0.0771927 0.3243698 0.2693854 0.3907326 0.0372979 0.0372979 0.3406018 0.2978315 0.3907326 0.3406018 0.6901519 0.3243698 0.6942542 0.2984493 0.3061234 0.2541894 0.2984493 0.3258496 0.3258496 0.2693854 0.2978315 0.3071788 0.2159934 0.2159934 0.1163973 0.1163973 0.0771927 0.1903442 0.3475523 0.2723017 0.2723017 0.2565104 0.3247819 0.3247819 0.2557274 0.2541894 0.4466570 0.3981291 0.2565104 0.0000000 0.4540521 0.0000010 0.4466570 0.3475523 0.1604044 0.3071788 0.6901519 0.8775997 0.1604044 0.8775997 0.6942542 0.0372720 0.2690891 0.2690891 0.8863106 
Yersinia_mollaretii__GCF_001149645.1            0.5917068 0.4107711 0.5285996 0.1174697 0.2536136 0.3534595 0.3534595 0.0741497 0.4041078 0.2536136 0.0741497 0.8346071 0.5285996 0.8513732 0.4372335 0.5829802 0.5222394 0.4372335 0.2413664 0.2413664 0.1174697 0.4041078 0.2461692 0.3008656 0.3008656 0.3522447 0.3522447 0.4107711 0.4174983 0.2908967 0.1547220 0.1547220 0.3465079 0.3002086 0.3002086 0.5917068 0.5222394 0.6024450 0.1053633 0.3465079 0.4540521 0.0000000 0.4540521 0.6024450 0.2908967 0.2452787 0.2461692 0.8346071 1.1314590 0.2452787 1.1314590 0.8513732 0.4060434 0.2499216 0.2499216 1.1423967 
Yersinia_rohdei__GCF_001152185.1                0.2557274 0.0771927 0.3243698 0.2693854 0.3907326 0.0372979 0.0372979 0.3406018 0.2978315 0.3907326 0.3406018 0.6901519 0.3243698 0.6942542 0.2984493 0.3061234 0.2541894 0.2984493 0.3258496 0.3258496 0.2693854 0.2978315 0.3071788 0.2159934 0.2159934 0.1163973 0.1163973 0.0771927 0.1903442 0.3475523 0.2723017 0.2723017 0.2565104 0.3247819 0.3247819 0.2557274 0.2541894 0.4466570 0.3981291 0.2565104 0.0000010 0.4540521 0.0000000 0.4466570 0.3475523 0.1604044 0.3071788 0.6901519 0.8775997 0.1604044 0.8775997 0.6942542 0.0372720 0.2690891 0.2690891 0.8863106 
Yersinia_similis__GCF_001114105.1               0.1952044 0.3352104 0.3867869 0.5486326 0.4866514 0.3868037 0.3868037 0.6276809 0.4200476 0.4866514 0.6276809 0.6078322 0.3867869 0.5926435 0.3412644 0.1136914 0.1564241 0.3412644 0.5708177 0.5708177 0.5486326 0.4200476 0.2459325 0.3266999 0.3266999 0.3329623 0.3329623 0.3352104 0.3249237 0.6475757 0.3814395 0.3814395 0.4014416 0.4480643 0.4480643 0.1952044 0.1564241 0.0000010 0.5589625 0.4014416 0.4466570 0.6024450 0.4466570 0.0000000 0.6475757 0.2841686 0.2459325 0.6078322 0.6347012 0.2841686 0.6347012 0.5926435 0.4519958 0.2789272 0.2789272 0.6421798 
Yersinia_massiliensis__GCF_001142305.1          0.5068583 0.3163306 0.4306257 0.1532687 0.2585677 0.2601453 0.2601453 0.2024557 0.2912392 0.2585677 0.2024557 0.8232411 0.4306257 0.8411916 0.3499528 0.5003359 0.4364963 0.3499528 0.1083069 0.1083069 0.1532687 0.2912392 0.3036127 0.2136880 0.2136880 0.2618383 0.2618383 0.3163306 0.3358018 0.0000010 0.2690704 0.2690704 0.2508716 0.2061401 0.2061401 0.5068583 0.4364963 0.6475757 0.2466772 0.2508716 0.3475523 0.2908967 0.3475523 0.6475757 0.0000000 0.2605875 0.3036127 0.8232411 0.9369248 0.2605875 0.9369248 0.8411916 0.2789745 0.2659591 0.2659591 0.9454663 
Yersinia_enterocolitica__GCF_001220145.1        0.2412338 0.1588166 0.2365770 0.1997914 0.1622561 0.1153282 0.1153282 0.2541723 0.1151437 0.1622561 0.2541723 0.5190374 0.2365770 0.5120005 0.2864633 0.2498015 0.2019223 0.2864633 0.2458444 0.2458444 0.1997914 0.1151437 0.1121418 0.1169864 0.1169864 0.1189529 0.1189529 0.1588166 0.1944463 0.2605875 0.0759974 0.0759974 0.0764107 0.1166739 0.1166739 0.2412338 0.2019223 0.2841686 0.2016882 0.0764107 0.1604044 0.2452787 0.1604044 0.2841686 0.2605875 0.0000000 0.1121418 0.5190374 0.6885752 0.0000010 0.6885752 0.5120005 0.1610895 0.0754654 0.0754654 0.6958236 
Yersinia_hibernica__GCF_000597945.1             0.3796023 0.2846277 0.3158475 0.2005038 0.1602960 0.2373404 0.2373404 0.2959957 0.1952875 0.1602960 0.2959957 0.5070561 0.3158475 0.5002260 0.2329754 0.3777699 0.3278913 0.2329754 0.2859515 0.2859515 0.2005038 0.1952875 0.0000010 0.1566731 0.1566731 0.2456058 0.2456058 0.2846277 0.2401824 0.3036127 0.1147396 0.1147396 0.2013615 0.1560554 0.1560554 0.3796023 0.3278913 0.2459325 0.2421592 0.2013615 0.3071788 0.2461692 0.3071788 0.2459325 0.3036127 0.1121418 0.0000000 0.5070561 0.5796487 0.1121418 0.5796487 0.5002260 0.3097236 0.1138738 0.1138738 0.5859818 
Yersinia_entomophaga__GCF_001656035.1           0.6971299 0.6767113 0.7555479 0.7784723 0.6809123 0.6187974 0.6187974 0.8681211 0.5041960 0.6809123 0.8681211 0.0000010 0.7555479 0.0378075 0.7188288 0.7293676 0.6680741 0.7188288 0.7661455 0.7661455 0.7784723 0.5041960 0.5070561 0.6776812 0.6776812 0.6929723 0.6929723 0.6767113 0.6002714 0.8232411 0.6334724 0.6334724 0.5790121 0.6256503 0.6256503 0.6971299 0.6680741 0.6078322 0.7989790 0.5790121 0.6901519 0.8346071 0.6901519 0.6078322 0.8232411 0.5190374 0.5070561 0.0000000 0.3836293 0.5190374 0.3836293 0.0378075 0.7042840 0.6220693 0.6220693 0.3879229 
Yersinia_ruckeri__GCF_001883155.1               0.8493570 0.7389289 0.7661005 1.0666709 0.7328033 0.7988513 0.7988513 1.0644580 0.5883609 0.7328033 1.0644580 0.3836293 0.7661005 0.3138971 0.7729947 0.7702527 0.8296283 0.7729947 0.8983387 0.8983387 1.0666709 0.5883609 0.5796487 0.7267243 0.7267243 0.7436438 0.7436438 0.7389289 0.8102326 0.9369248 0.8063687 0.8063687 0.7071990 0.7472492 0.7472492 0.8493570 0.8296283 0.6347012 1.0018216 0.7071990 0.8775997 1.1314590 0.8775997 0.6347012 0.9369248 0.6885752 0.5796487 0.3836293 0.0000000 0.6885752 0.0000010 0.3138971 0.9018850 0.6698396 0.6698396 0.0000010 
Yersinia_enterocolitica__GCA_028855385.1        0.2412338 0.1588166 0.2365770 0.1997914 0.1622561 0.1153282 0.1153282 0.2541723 0.1151437 0.1622561 0.2541723 0.5190374 0.2365770 0.5120005 0.2864633 0.2498015 0.2019223 0.2864633 0.2458444 0.2458444 0.1997914 0.1151437 0.1121418 0.1169864 0.1169864 0.1189529 0.1189529 0.1588166 0.1944463 0.2605875 0.0759974 0.0759974 0.0764107 0.1166739 0.1166739 0.2412338 0.2019223 0.2841686 0.2016882 0.0764107 0.1604044 0.2452787 0.1604044 0.2841686 0.2605875 0.0000010 0.1121418 0.5190374 0.6885752 0.0000000 0.6885752 0.5120005 0.1610895 0.0754654 0.0754654 0.6958236 
Yersinia_ruckeri__GCF_021399095.1               0.8493570 0.7389289 0.7661005 1.0666709 0.7328033 0.7988513 0.7988513 1.0644580 0.5883609 0.7328033 1.0644580 0.3836293 0.7661005 0.3138971 0.7729947 0.7702527 0.8296283 0.7729947 0.8983387 0.8983387 1.0666709 0.5883609 0.5796487 0.7267243 0.7267243 0.7436438 0.7436438 0.7389289 0.8102326 0.9369248 0.8063687 0.8063687 0.7071990 0.7472492 0.7472492 0.8493570 0.8296283 0.6347012 1.0018216 0.7071990 0.8775997 1.1314590 0.8775997 0.6347012 0.9369248 0.6885752 0.5796487 0.3836293 0.0000010 0.6885752 0.0000000 0.3138971 0.9018850 0.6698396 0.6698396 0.0000010 
Yersinia_nurmii__GCF_030385015.1                0.6800982 0.6805588 0.7478213 0.7958167 0.6731423 0.6221281 0.6221281 0.8849503 0.4975950 0.6731423 0.8849503 0.0378075 0.7478213 0.0000010 0.7106457 0.7104062 0.6512016 0.7106457 0.7872066 0.7872066 0.7958167 0.4975950 0.5002260 0.6701067 0.6701067 0.6852006 0.6852006 0.6805588 0.5931461 0.8411916 0.6257200 0.6257200 0.5709892 0.6176271 0.6176271 0.6800982 0.6512016 0.5926435 0.8169598 0.5709892 0.6942542 0.8513732 0.6942542 0.5926435 0.8411916 0.5120005 0.5002260 0.0378075 0.3138971 0.5120005 0.3138971 0.0000000 0.7087154 0.6145887 0.6145887 0.3171203 
Yersinia_rohdei__GCF_030385185.1                0.2574504 0.1208262 0.3268925 0.2456734 0.3954736 0.0777018 0.0777018 0.3069338 0.3001282 0.3954736 0.3069338 0.7042840 0.3268925 0.7087154 0.3577941 0.3086250 0.2558762 0.3577941 0.2955737 0.2955737 0.2456734 0.3001282 0.3097236 0.2172765 0.2172765 0.1617829 0.1617829 0.1208262 0.2369497 0.2789745 0.2744187 0.2744187 0.2582509 0.3278390 0.3278390 0.2574504 0.2558762 0.4519958 0.3571029 0.2582509 0.0372720 0.4060434 0.0372720 0.4519958 0.2789745 0.1610895 0.3097236 0.7042840 0.9018850 0.1610895 0.9018850 0.7087154 0.0000000 0.2711210 0.2711210 0.9112990 
Yersinia_sp.__novel_candidate___GCF_041538325.1 0.3468377 0.1561600 0.2324750 0.2033531 0.1651259 0.2014142 0.2014142 0.2592250 0.2011138 0.1651259 0.2592250 0.6220693 0.2324750 0.6145887 0.1937709 0.2451407 0.2943567 0.1937709 0.2504843 0.2504843 0.2033531 0.2011138 0.1138738 0.0370511 0.0370511 0.1170262 0.1170262 0.1561600 0.1912015 0.2659591 0.0771577 0.0771577 0.1608403 0.1185666 0.1185666 0.3468377 0.2943567 0.2789272 0.2053398 0.1608403 0.2690891 0.2499216 0.2690891 0.2789272 0.2659591 0.0754654 0.1138738 0.6220693 0.6698396 0.0754654 0.6698396 0.6145887 0.2711210 0.0000000 0.0000010 0.6766632 
Yersinia_sp.__novel_candidate___GCF_048593885.1 0.3468377 0.1561600 0.2324750 0.2033531 0.1651259 0.2014142 0.2014142 0.2592250 0.2011138 0.1651259 0.2592250 0.6220693 0.2324750 0.6145887 0.1937709 0.2451407 0.2943567 0.1937709 0.2504843 0.2504843 0.2033531 0.2011138 0.1138738 0.0370511 0.0370511 0.1170262 0.1170262 0.1561600 0.1912015 0.2659591 0.0771577 0.0771577 0.1608403 0.1185666 0.1185666 0.3468377 0.2943567 0.2789272 0.2053398 0.1608403 0.2690891 0.2499216 0.2690891 0.2789272 0.2659591 0.0754654 0.1138738 0.6220693 0.6698396 0.0754654 0.6698396 0.6145887 0.2711210 0.0000010 0.0000000 0.6766632 
Yersinia_ruckeri__GCA_039658735.1               0.8570918 0.7464136 0.7739579 1.0771128 0.7399498 0.8067549 0.8067549 1.0739422 0.5945536 0.7399498 1.0739422 0.3879229 0.7739579 0.3171203 0.7811225 0.7779979 0.8376820 0.7811225 0.9077237 0.9077237 1.0771128 0.5945536 0.5859818 0.7339290 0.7339290 0.7511473 0.7511473 0.7464136 0.8189725 0.9454663 0.8145493 0.8145493 0.7145406 0.7546236 0.7546236 0.8570918 0.8376820 0.6421798 1.0113334 0.7145406 0.8863106 1.1423967 0.8863106 0.6421798 0.9454663 0.6958236 0.5859818 0.3879229 0.0000010 0.6958236 0.0000010 0.3171203 0.9112990 0.6766632 0.6766632 0.0000000 
