121
Yersinia_pseudotuberculosis__GCF_000511675.1    0.0000000 0.1676217 0.0000010 0.1676217 0.2005857 0.0257505 0.0257505 0.2005847 0.2278442 0.2343529 0.1997435 0.1997435 0.1998794 0.2736484 0.3097441 0.3097441 0.2516541 0.2516541 0.2278442 0.1681573 0.1681573 0.3189305 0.1974145 0.1997435 0.3189305 0.1998794 0.2613434 0.2430913 0.2574015 0.2613434 0.0609115 0.4728402 0.1994091 0.1998774 0.2773801 0.2773801 0.2343529 0.4656468 0.0526802 0.3607100 0.1994091 0.0526802 0.5888372 0.5888372 0.2574015 0.2736484 0.1997778 0.1996556 0.2005902 0.2608909 0.1998761 0.1998761 0.2005847 0.3253447 0.3607100 0.3253447 0.3550400 0.2835976 0.3599666 0.2835976 0.2358749 0.2358749 0.2329301 0.3027878 0.2697907 0.2697907 0.0000010 0.1745029 0.1745029 0.1739349 0.5951019 0.1365695 0.1365695 0.3550400 0.2329301 0.1739349 0.3904214 0.1655901 0.1974145 0.1997435 0.0944734 0.0521521 0.0521521 0.0531684 0.0000010 0.0312810 0.0000010 0.0000010 0.2608909 0.4728402 0.0516596 0.0516596 0.5297726 0.5297726 0.1950742 0.1950742 0.1974243 0.1997435 0.5951019 0.2430913 0.1997778 0.1998774 0.2019410 0.6355503 0.4656468 0.2342451 0.2342451 0.2030369 0.2691979 0.1994337 0.1927112 0.1974243 0.1994337 0.1952695 0.2019410 0.2005902 0.0533643 0.3027878 0.1974243 0.1974243 0.1927112 
Yersinia_enterocolitica__GCF_001598735.1        0.1676217 0.0000000 0.1676217 0.0000010 0.0526262 0.1397148 0.1397148 0.1101893 0.0526262 0.1655608 0.0261872 0.0261872 0.0262147 0.1385690 0.1116812 0.1116812 0.1362683 0.1362683 0.0526262 0.0807430 0.0807430 0.1730809 0.0259376 0.0261872 0.1730809 0.0262147 0.0806994 0.1107031 0.1696080 0.0806994 0.0609115 0.3483286 0.0815397 0.0262204 0.1962423 0.1962423 0.1655608 0.3446451 0.1715272 0.2072488 0.0815397 0.1715272 0.4598582 0.4598582 0.1696080 0.1385690 0.0262059 0.0261939 0.0262514 0.0793354 0.0824489 0.0824489 0.1101893 0.1758266 0.2072488 0.1758266 0.1393726 0.1425079 0.1408809 0.1425079 0.0533518 0.0533518 0.0535512 0.1098645 0.0813799 0.0813799 0.0000010 0.1111511 0.1111511 0.1108994 0.4647846 0.1975467 0.1975467 0.1393726 0.0535512 0.1108994 0.1691593 0.2277047 0.0259376 0.0261872 0.1297165 0.1694767 0.1694767 0.1733335 0.0553497 0.1725698 0.0568746 0.0558068 0.0793354 0.3483286 0.1676217 0.1676217 0.4113526 0.4113526 0.0256861 0.0256861 0.0259565 0.0261872 0.4647846 0.1107031 0.0262059 0.0262204 0.0264163 0.5050931 0.3446451 0.0531218 0.0531218 0.0000010 0.0812501 0.0262147 0.0254955 0.0259565 0.0262147 0.0257197 0.0264163 0.0262514 0.1743123 0.1098645 0.0259565 0.0259565 0.0254955 
Yersinia_pseudotuberculosis__GCF_030294965.1    0.0000010 0.1676217 0.0000000 0.1676217 0.2005857 0.0257505 0.0257505 0.2005847 0.2278442 0.2343529 0.1997435 0.1997435 0.1998794 0.2736484 0.3097441 0.3097441 0.2516541 0.2516541 0.2278442 0.1681573 0.1681573 0.3189305 0.1974145 0.1997435 0.3189305 0.1998794 0.2613434 0.2430913 0.2574015 0.2613434 0.0609115 0.4728402 0.1994091 0.1998774 0.2773801 0.2773801 0.2343529 0.4656468 0.0526802 0.3607100 0.1994091 0.0526802 0.5888372 0.5888372 0.2574015 0.2736484 0.1997778 0.1996556 0.2005902 0.2608909 0.1998761 0.1998761 0.2005847 0.3253447 0.3607100 0.3253447 0.3550400 0.2835976 0.3599666 0.2835976 0.2358749 0.2358749 0.2329301 0.3027878 0.2697907 0.2697907 0.0000010 0.1745029 0.1745029 0.1739349 0.5951019 0.1365695 0.1365695 0.3550400 0.2329301 0.1739349 0.3904214 0.1655901 0.1974145 0.1997435 0.0944734 0.0521521 0.0521521 0.0531684 0.0000010 0.0312810 0.0000010 0.0000010 0.2608909 0.4728402 0.0516596 0.0516596 0.5297726 0.5297726 0.1950742 0.1950742 0.1974243 0.1997435 0.5951019 0.2430913 0.1997778 0.1998774 0.2019410 0.6355503 0.4656468 0.2342451 0.2342451 0.2030369 0.2691979 0.1994337 0.1927112 0.1974243 0.1994337 0.1952695 0.2019410 0.2005902 0.0533643 0.3027878 0.1974243 0.1974243 0.1927112 
Yersinia_enterocolitica__GCA_029890075.1        0.1676217 0.0000010 0.1676217 0.0000000 0.0526262 0.1397148 0.1397148 0.1101893 0.0526262 0.1655608 0.0261872 0.0261872 0.0262147 0.1385690 0.1116812 0.1116812 0.1362683 0.1362683 0.0526262 0.0807430 0.0807430 0.1730809 0.0259376 0.0261872 0.1730809 0.0262147 0.0806994 0.1107031 0.1696080 0.0806994 0.0609115 0.3483286 0.0815397 0.0262204 0.1962423 0.1962423 0.1655608 0.3446451 0.1715272 0.2072488 0.0815397 0.1715272 0.4598582 0.4598582 0.1696080 0.1385690 0.0262059 0.0261939 0.0262514 0.0793354 0.0824489 0.0824489 0.1101893 0.1758266 0.2072488 0.1758266 0.1393726 0.1425079 0.1408809 0.1425079 0.0533518 0.0533518 0.0535512 0.1098645 0.0813799 0.0813799 0.0000010 0.1111511 0.1111511 0.1108994 0.4647846 0.1975467 0.1975467 0.1393726 0.0535512 0.1108994 0.1691593 0.2277047 0.0259376 0.0261872 0.1297165 0.1694767 0.1694767 0.1733335 0.0553497 0.1725698 0.0568746 0.0558068 0.0793354 0.3483286 0.1676217 0.1676217 0.4113526 0.4113526 0.0256861 0.0256861 0.0259565 0.0261872 0.4647846 0.1107031 0.0262059 0.0262204 0.0264163 0.5050931 0.3446451 0.0531218 0.0531218 0.0000010 0.0812501 0.0262147 0.0254955 0.0259565 0.0262147 0.0257197 0.0264163 0.0262514 0.1743123 0.1098645 0.0259565 0.0259565 0.0254955 
Yersinia_enterocolitica__GCA_050442645.1        0.2005857 0.0526262 0.2005857 0.0526262 0.0000000 0.1721039 0.1721039 0.0536226 0.0516492 0.2247914 0.0806957 0.0806957 0.0807724 0.1682211 0.1718342 0.1718342 0.1335041 0.1335041 0.0516492 0.0261859 0.0261859 0.2062547 0.0798698 0.0806957 0.2062547 0.0807724 0.1378273 0.1385372 0.2016666 0.1378273 0.0609115 0.3804964 0.1393658 0.0257452 0.1918493 0.1918493 0.2247914 0.3816114 0.2054915 0.2415950 0.1393658 0.2054915 0.4996769 0.4996769 0.2016666 0.1682211 0.0807430 0.0807022 0.0528667 0.1353269 0.0808133 0.0808133 0.0536226 0.2083844 0.2415950 0.2083844 0.1693234 0.1734699 0.1713092 0.1734699 0.1095498 0.1095498 0.1099769 0.1687721 0.1391033 0.1391033 0.0000010 0.0832542 0.0832542 0.0539333 0.5050483 0.2314857 0.2314857 0.1693234 0.1099769 0.0539333 0.2012030 0.2625074 0.0798698 0.0806957 0.1297165 0.2029013 0.2029013 0.2077393 0.0553497 0.2137810 0.0568746 0.0558068 0.1353269 0.3804964 0.2005857 0.2005857 0.4477696 0.4477696 0.0790396 0.0790396 0.0799159 0.0806957 0.5050483 0.1385372 0.0807430 0.0257452 0.0814586 0.5456650 0.3816114 0.1090061 0.1090061 0.0630475 0.1388608 0.0807724 0.0783429 0.0799159 0.0807724 0.0791385 0.0814586 0.0528667 0.2090509 0.1687721 0.0799159 0.0799159 0.0783429 
Yersinia_pseudotuberculosis__GCF_045865145.1    0.0257505 0.1397148 0.0257505 0.1397148 0.1721039 0.0000000 0.0000010 0.1720953 0.1998774 0.2054696 0.1713962 0.1713962 0.1715272 0.2386762 0.2730068 0.2730068 0.2246515 0.2246515 0.1998774 0.1401312 0.1401312 0.2804248 0.1694215 0.1713962 0.2804248 0.1715272 0.2331701 0.2091506 0.2204156 0.2331701 0.0609115 0.4440343 0.1694473 0.1715356 0.2408432 0.2408432 0.2054696 0.4372866 0.0262467 0.3197213 0.1694473 0.0262467 0.5629324 0.5629324 0.2204156 0.2386762 0.1714464 0.1713441 0.1720793 0.2283796 0.1715270 0.1715270 0.1720953 0.2856750 0.3197213 0.2856750 0.3149236 0.2467218 0.3190737 0.2467218 0.2034207 0.2034207 0.2042661 0.2673220 0.2356640 0.2356640 0.0000010 0.1739115 0.1739115 0.1733496 0.5691441 0.1091528 0.1091528 0.3149236 0.2042661 0.1733496 0.3490299 0.1380089 0.1694215 0.1713962 0.0944734 0.0259905 0.0259905 0.0264861 0.0000010 0.0000010 0.0000010 0.0000010 0.2283796 0.4440343 0.0257505 0.0257505 0.5042045 0.5042045 0.1674385 0.1674385 0.1694562 0.1713962 0.5691441 0.2091506 0.1714464 0.1715356 0.1732507 0.6110141 0.4372866 0.2021495 0.2021495 0.1694126 0.2351843 0.1715272 0.1655149 0.1694562 0.1715272 0.1676217 0.1732507 0.1720793 0.0265748 0.2673220 0.1694562 0.1694562 0.1655149 
Yersinia_pseudotuberculosis__GCF_045865175.1    0.0257505 0.1397148 0.0257505 0.1397148 0.1721039 0.0000010 0.0000000 0.1720953 0.1998774 0.2054696 0.1713962 0.1713962 0.1715272 0.2386762 0.2730068 0.2730068 0.2246515 0.2246515 0.1998774 0.1401312 0.1401312 0.2804248 0.1694215 0.1713962 0.2804248 0.1715272 0.2331701 0.2091506 0.2204156 0.2331701 0.0609115 0.4440343 0.1694473 0.1715356 0.2408432 0.2408432 0.2054696 0.4372866 0.0262467 0.3197213 0.1694473 0.0262467 0.5629324 0.5629324 0.2204156 0.2386762 0.1714464 0.1713441 0.1720793 0.2283796 0.1715270 0.1715270 0.1720953 0.2856750 0.3197213 0.2856750 0.3149236 0.2467218 0.3190737 0.2467218 0.2034207 0.2034207 0.2042661 0.2673220 0.2356640 0.2356640 0.0000010 0.1739115 0.1739115 0.1733496 0.5691441 0.1091528 0.1091528 0.3149236 0.2042661 0.1733496 0.3490299 0.1380089 0.1694215 0.1713962 0.0944734 0.0259905 0.0259905 0.0264861 0.0000010 0.0000010 0.0000010 0.0000010 0.2283796 0.4440343 0.0257505 0.0257505 0.5042045 0.5042045 0.1674385 0.1674385 0.1694562 0.1713962 0.5691441 0.2091506 0.1714464 0.1715356 0.1732507 0.6110141 0.4372866 0.2021495 0.2021495 0.1694126 0.2351843 0.1715272 0.1655149 0.1694562 0.1715272 0.1676217 0.1732507 0.1720793 0.0265748 0.2673220 0.1694562 0.1694562 0.1655149 
Yersinia_rochesterensis__GCF_946902935.1        0.2005847 0.1101893 0.2005847 0.1101893 0.0536226 0.1720953 0.1720953 0.0000000 0.1079575 0.1619358 0.1408939 0.1408939 0.0807388 0.1682115 0.2401022 0.2401022 0.0768354 0.0768354 0.1079575 0.0261819 0.0261819 0.2062558 0.1393166 0.1408939 0.2062558 0.0807388 0.2017854 0.1385239 0.2016660 0.2017854 0.0000010 0.4617549 0.0798723 0.0808133 0.1288301 0.1288301 0.1619358 0.4632713 0.1401189 0.2416141 0.0798723 0.1401189 0.4987379 0.4987379 0.2016660 0.1682115 0.1409514 0.1408710 0.1107951 0.1977613 0.0257324 0.0257324 0.0000010 0.2083863 0.2416141 0.2083863 0.2397863 0.1734611 0.2428156 0.1734611 0.1721544 0.1721544 0.1728640 0.2352859 0.2038735 0.2038735 0.0520350 0.0832427 0.0832427 0.0539253 0.5040744 0.2313232 0.2313232 0.2397863 0.1728640 0.0539253 0.2733248 0.2623031 0.1393166 0.1408939 0.1297014 0.2029011 0.2029011 0.2077409 0.0553412 0.2137859 0.0568657 0.0557983 0.1977613 0.4617549 0.2005847 0.2005847 0.4471037 0.4471037 0.1377352 0.1377352 0.1393658 0.1408939 0.5040744 0.1385239 0.1409514 0.0808133 0.1423654 0.5444818 0.4632713 0.1089564 0.1089564 0.1333030 0.2034745 0.1410121 0.1362683 0.1393658 0.1410121 0.1378961 0.1423654 0.1107951 0.2090530 0.2352859 0.1393658 0.1393658 0.1362683 
Yersinia_enterocolitica__GCA_028843765.1        0.2278442 0.0526262 0.2278442 0.0526262 0.0516492 0.1998774 0.1998774 0.1079575 0.0000000 0.2247914 0.0806957 0.0806957 0.0807724 0.1678651 0.1718342 0.1718342 0.1335041 0.1335041 0.0000010 0.0791776 0.0791776 0.2062547 0.0798698 0.0806957 0.2062547 0.0807724 0.1378273 0.1398678 0.1995393 0.1378273 0.0609115 0.4169155 0.1393658 0.0257452 0.1918493 0.1918493 0.2247914 0.4127153 0.2334395 0.2400042 0.1393658 0.2334395 0.5299989 0.5299989 0.1995393 0.1678651 0.0807430 0.0807022 0.0528667 0.1353269 0.0808133 0.0808133 0.1079575 0.2058145 0.2400042 0.2058145 0.1121903 0.1728098 0.1713092 0.1728098 0.1095498 0.1095498 0.1099769 0.1687721 0.1391033 0.1391033 0.0000010 0.1396370 0.1396370 0.1086359 0.5355484 0.2584376 0.2584376 0.1121903 0.1099769 0.1086359 0.2012030 0.2889882 0.0798698 0.0806957 0.1297165 0.2304715 0.2304715 0.2359787 0.0553497 0.2473989 0.0568746 0.0558068 0.1353269 0.4169155 0.2278442 0.2278442 0.4768079 0.4768079 0.0790396 0.0790396 0.0799159 0.0806957 0.5355484 0.1398678 0.0807430 0.0257452 0.0814586 0.5752013 0.4127153 0.1090061 0.1090061 0.0630475 0.1388608 0.0807724 0.0783429 0.0799159 0.0807724 0.0791385 0.0814586 0.0528667 0.2375469 0.1687721 0.0740105 0.0740105 0.0783429 
Yersinia_pekkanenii__GCF_963868735.1            0.2343529 0.1655608 0.2343529 0.1655608 0.2247914 0.2054696 0.2054696 0.1619358 0.2247914 0.0000000 0.1971366 0.1971366 0.1350718 0.2581027 0.2342012 0.2342012 0.1861802 0.1861802 0.2247914 0.1927968 0.1927968 0.2922705 0.1948782 0.1971366 0.2922705 0.1350718 0.1972675 0.2260602 0.2375301 0.1972675 0.0000010 0.5170524 0.1335664 0.1972691 0.1968936 0.1968936 0.0000010 0.5119398 0.1720448 0.3282849 0.1335664 0.1720448 0.5128440 0.5128440 0.2375301 0.2581027 0.1971722 0.1970538 0.1979537 0.2228457 0.1350741 0.1350741 0.1619358 0.2973127 0.3282849 0.2973127 0.3237974 0.2612784 0.3276836 0.2612784 0.2287825 0.2287825 0.2297081 0.2296795 0.2603690 0.2603690 0.0520350 0.2273802 0.2273802 0.2264943 0.5184898 0.2658194 0.2658194 0.3237974 0.2297081 0.2264943 0.3648669 0.2343067 0.1948782 0.1971366 0.1288390 0.2371586 0.2371586 0.2430547 0.0564528 0.2564143 0.0580433 0.0569304 0.2228457 0.5170524 0.2343529 0.2343529 0.4586435 0.4586435 0.1926078 0.1926078 0.1948904 0.1971366 0.5184898 0.2260602 0.1971722 0.1972691 0.1992654 0.5601147 0.5119398 0.1636328 0.1636328 0.1998918 0.2598405 0.1972700 0.1903221 0.1948904 0.1972700 0.1944866 0.1992654 0.1979537 0.2447570 0.2296795 0.1948904 0.1948904 0.1903221 
Yersinia_enterocolitica__GCA_963869825.1        0.1997435 0.0261872 0.1997435 0.0261872 0.0806957 0.1713962 0.1713962 0.1408939 0.0806957 0.1971366 0.0000000 0.0000010 0.0536222 0.1700266 0.1429409 0.1429409 0.1669806 0.1669806 0.0806957 0.1100904 0.1100904 0.2067080 0.0530334 0.0535681 0.2067080 0.0536222 0.1100258 0.1416021 0.2022662 0.1100258 0.0609115 0.3884860 0.1112287 0.0536331 0.2302113 0.2302113 0.1971366 0.3844032 0.2046021 0.2424859 0.1112287 0.2046021 0.5037568 0.5037568 0.2022662 0.1700266 0.0536035 0.0535774 0.0537143 0.1080756 0.1125277 0.1125277 0.1408939 0.2101689 0.2424859 0.2101689 0.1711011 0.1751295 0.1730306 0.1751295 0.0818751 0.0818751 0.0821914 0.1404709 0.1110122 0.1110122 0.0000010 0.1422526 0.1422526 0.1418634 0.5092267 0.2304831 0.2304831 0.1711011 0.0821914 0.1418634 0.2018191 0.2613423 0.0530334 0.0535681 0.1668820 0.2020369 0.2020369 0.2068268 0.0849528 0.2126516 0.0873590 0.0856843 0.1080756 0.3884860 0.1997435 0.1997435 0.4510496 0.4510496 0.0524955 0.0524955 0.0530686 0.0535681 0.5092267 0.1416021 0.0536035 0.0536331 0.0540603 0.5502857 0.3844032 0.0814917 0.0814917 0.0313373 0.1108248 0.0536222 0.0520654 0.0530686 0.0536222 0.0525635 0.0540603 0.0537143 0.2081230 0.1404709 0.0530686 0.0530686 0.0520654 
Yersinia_enterocolitica__GCA_963870225.1        0.1997435 0.0261872 0.1997435 0.0261872 0.0806957 0.1713962 0.1713962 0.1408939 0.0806957 0.1971366 0.0000010 0.0000000 0.0536222 0.1700266 0.1429409 0.1429409 0.1669806 0.1669806 0.0806957 0.1100904 0.1100904 0.2067080 0.0530334 0.0535681 0.2067080 0.0536222 0.1100258 0.1416021 0.2022662 0.1100258 0.0609115 0.3884860 0.1112287 0.0536331 0.2302113 0.2302113 0.1971366 0.3844032 0.2046021 0.2424859 0.1112287 0.2046021 0.5037568 0.5037568 0.2022662 0.1700266 0.0536035 0.0535774 0.0537143 0.1080756 0.1125277 0.1125277 0.1408939 0.2101689 0.2424859 0.2101689 0.1711011 0.1751295 0.1730306 0.1751295 0.0818751 0.0818751 0.0821914 0.1404709 0.1110122 0.1110122 0.0000010 0.1422526 0.1422526 0.1418634 0.5092267 0.2304831 0.2304831 0.1711011 0.0821914 0.1418634 0.2018191 0.2613423 0.0530334 0.0535681 0.1668820 0.2020369 0.2020369 0.2068268 0.0849528 0.2126516 0.0873590 0.0856843 0.1080756 0.3884860 0.1997435 0.1997435 0.4510496 0.4510496 0.0524955 0.0524955 0.0530686 0.0535681 0.5092267 0.1416021 0.0536035 0.0536331 0.0540603 0.5502857 0.3844032 0.0814917 0.0814917 0.0313373 0.1108248 0.0536222 0.0520654 0.0530686 0.0536222 0.0525635 0.0540603 0.0537143 0.2081230 0.1404709 0.0530686 0.0530686 0.0520654 
Yersinia_enterocolitica__GCA_963895235.1        0.1998794 0.0262147 0.1998794 0.0262147 0.0807724 0.1715272 0.1715272 0.0807388 0.0807724 0.1350718 0.0536222 0.0536222 0.0000000 0.1701563 0.1430621 0.1430621 0.1066779 0.1066779 0.0807724 0.1101893 0.1101893 0.2068508 0.0530865 0.0536222 0.2068508 0.0000010 0.1101246 0.1417213 0.2024046 0.1101246 0.0000010 0.3885376 0.0531015 0.0536874 0.1633397 0.1633397 0.1350718 0.3844593 0.1397027 0.2426309 0.0531015 0.1397027 0.4170264 0.4170264 0.2024046 0.1701563 0.0536577 0.0536315 0.0537688 0.1081713 0.0536665 0.0536665 0.0807388 0.2103147 0.2426309 0.2103147 0.1712323 0.1752653 0.1731640 0.1752653 0.0819539 0.0819539 0.0822707 0.1405886 0.1111127 0.1111127 0.0520350 0.1423730 0.1423730 0.1419830 0.4214260 0.1657307 0.1657307 0.1712323 0.0822707 0.1419830 0.2019576 0.1951340 0.0530865 0.0536222 0.1670355 0.2021748 0.2021748 0.2069689 0.0850368 0.2128219 0.0874473 0.0857697 0.1081713 0.3885376 0.1998794 0.1998794 0.3725724 0.3725724 0.0525476 0.0525476 0.0531218 0.0536222 0.4214260 0.1417213 0.0536577 0.0536874 0.0541154 0.4609235 0.3844593 0.0259560 0.0259560 0.0313763 0.1109249 0.0536765 0.0521166 0.0531218 0.0536765 0.0526157 0.0541154 0.0537688 0.2082664 0.1405886 0.0531218 0.0531218 0.0521166 
Yersinia_bercovieri__GCF_963900425.1            0.2736484 0.1385690 0.2736484 0.1385690 0.1682211 0.2386762 0.2386762 0.1682115 0.1678651 0.2581027 0.1700266 0.1700266 0.1701563 0.0000000 0.2092397 0.2092397 0.1930431 0.1930431 0.1678651 0.1353037 0.1353037 0.0800404 0.1680798 0.1700266 0.0800404 0.1701563 0.2353439 0.0256423 0.0787486 0.2353439 0.0609115 0.5328892 0.1095350 0.1398678 0.1947484 0.1947484 0.2581027 0.5480287 0.2748097 0.1358081 0.1095350 0.2748097 0.7199286 0.7199286 0.0787486 0.0000010 0.1700770 0.1699763 0.1330006 0.1390519 0.1398554 0.1398554 0.1682115 0.1075646 0.1358081 0.1075646 0.1081331 0.0526850 0.1092451 0.0526850 0.1409445 0.1409445 0.2026872 0.2026617 0.1718307 0.1718307 0.0000010 0.1665419 0.1665419 0.1764073 0.7283772 0.3747554 0.3747554 0.1081331 0.2026872 0.1764073 0.0815971 0.4075732 0.1680798 0.1700266 0.1182288 0.2710170 0.2710170 0.2779942 0.0270254 0.2987836 0.0277491 0.0272401 0.1390519 0.5328892 0.2677206 0.2677206 0.6427962 0.6427962 0.1661256 0.1661256 0.1681152 0.1700266 0.7283772 0.0256423 0.1700770 0.1398678 0.1718520 0.7735957 0.5480287 0.1401781 0.1401781 0.1678015 0.1715105 0.1393829 0.1642335 0.1681152 0.1393829 0.1663070 0.1718520 0.1330006 0.2801285 0.2026617 0.1681152 0.1681152 0.1642335 
Yersinia_alsatica__GCF_963901075.1              0.3097441 0.1116812 0.3097441 0.1116812 0.1718342 0.2730068 0.2730068 0.2401022 0.1718342 0.2342012 0.1429409 0.1429409 0.1430621 0.2092397 0.0000000 0.0000010 0.2650972 0.2650972 0.1718342 0.2051765 0.2051765 0.1735429 0.1413107 0.1429409 0.1735429 0.1430621 0.0802670 0.1770633 0.1686683 0.0802670 0.1302755 0.4632713 0.1447281 0.1430766 0.2707958 0.2707958 0.2342012 0.4586110 0.3101592 0.2449862 0.1447281 0.3101592 0.5021753 0.5021753 0.1686683 0.2092397 0.1429991 0.1429159 0.1434754 0.1109011 0.2103653 0.2103653 0.2401022 0.1748105 0.2449862 0.1748105 0.1397235 0.1428765 0.1412402 0.1428765 0.0534706 0.0534706 0.1092771 0.1092647 0.0809399 0.0809399 0.0524771 0.2543281 0.2543281 0.2530684 0.5073782 0.3345305 0.3345305 0.1397235 0.1092771 0.2530684 0.1700593 0.3667251 0.1413107 0.1429409 0.2091699 0.3057333 0.3057333 0.3138100 0.0854569 0.3421096 0.0878940 0.0861979 0.1109011 0.4632713 0.3019437 0.3019437 0.4892925 0.4892925 0.1396756 0.1396756 0.1413600 0.1429409 0.5073782 0.1770633 0.1429991 0.1430766 0.0809488 0.5465285 0.4586110 0.1129629 0.1129629 0.1355771 0.1092647 0.1123382 0.1381570 0.1413600 0.1123382 0.1398409 0.0809488 0.1434754 0.3164216 0.1092647 0.1413600 0.1413600 0.1381570 
Yersinia_alsatica__GCF_963900465.1              0.3097441 0.1116812 0.3097441 0.1116812 0.1718342 0.2730068 0.2730068 0.2401022 0.1718342 0.2342012 0.1429409 0.1429409 0.1430621 0.2092397 0.0000010 0.0000000 0.2650972 0.2650972 0.1718342 0.2051765 0.2051765 0.1735429 0.1413107 0.1429409 0.1735429 0.1430621 0.0802670 0.1770633 0.1686683 0.0802670 0.1302755 0.4632713 0.1447281 0.1430766 0.2707958 0.2707958 0.2342012 0.4586110 0.3101592 0.2449862 0.1447281 0.3101592 0.5021753 0.5021753 0.1686683 0.2092397 0.1429991 0.1429159 0.1434754 0.1109011 0.2103653 0.2103653 0.2401022 0.1748105 0.2449862 0.1748105 0.1397235 0.1428765 0.1412402 0.1428765 0.0534706 0.0534706 0.1092771 0.1092647 0.0809399 0.0809399 0.0524771 0.2543281 0.2543281 0.2530684 0.5073782 0.3345305 0.3345305 0.1397235 0.1092771 0.2530684 0.1700593 0.3667251 0.1413107 0.1429409 0.2091699 0.3057333 0.3057333 0.3138100 0.0854569 0.3421096 0.0878940 0.0861979 0.1109011 0.4632713 0.3019437 0.3019437 0.4892925 0.4892925 0.1396756 0.1396756 0.1413600 0.1429409 0.5073782 0.1770633 0.1429991 0.1430766 0.0809488 0.5465285 0.4586110 0.1129629 0.1129629 0.1355771 0.1092647 0.1123382 0.1381570 0.1413600 0.1123382 0.1398409 0.0809488 0.1434754 0.3164216 0.1092647 0.1413600 0.1413600 0.1381570 
Yersinia_rochesterensis__GCF_963900795.1        0.2516541 0.1362683 0.2516541 0.1362683 0.1335041 0.2246515 0.2246515 0.0768354 0.1335041 0.1861802 0.1669806 0.1669806 0.1066779 0.1930431 0.2650972 0.2650972 0.0000000 0.0000010 0.1335041 0.1045934 0.1045934 0.2291563 0.1651158 0.1669806 0.2291563 0.1066779 0.2405140 0.1657375 0.2243000 0.2405140 0.0000010 0.4131635 0.1055252 0.1067802 0.1543838 0.1543838 0.1861802 0.4090583 0.1926875 0.2620397 0.1055252 0.1926875 0.5322401 0.5322401 0.2243000 0.1930431 0.1670309 0.1669346 0.1370500 0.1673165 0.0511435 0.0511435 0.0768354 0.2314007 0.2620397 0.2314007 0.2601998 0.1987334 0.2632465 0.1987334 0.1979833 0.1979833 0.2008579 0.2650774 0.2328678 0.2328678 0.0520350 0.1655258 0.1655258 0.1343465 0.5383532 0.2269193 0.2269193 0.2601998 0.2008579 0.1343465 0.2910736 0.2570835 0.1651158 0.1669806 0.1282912 0.2544975 0.2544975 0.2604719 0.0553412 0.2760174 0.0568657 0.0557983 0.1673165 0.4131635 0.2516541 0.2516541 0.4742539 0.4742539 0.1632427 0.1632427 0.1653478 0.1669806 0.5383532 0.1657375 0.1670309 0.1067802 0.1687277 0.5819090 0.4090583 0.1347336 0.1347336 0.1642661 0.2323862 0.1671064 0.1101391 0.1653478 0.1671064 0.1634183 0.1687277 0.1370500 0.2622421 0.2650774 0.1651522 0.1651522 0.1101391 
Yersinia_rochesterensis__GCF_963901335.1        0.2516541 0.1362683 0.2516541 0.1362683 0.1335041 0.2246515 0.2246515 0.0768354 0.1335041 0.1861802 0.1669806 0.1669806 0.1066779 0.1930431 0.2650972 0.2650972 0.0000010 0.0000000 0.1335041 0.1045934 0.1045934 0.2291563 0.1651158 0.1669806 0.2291563 0.1066779 0.2405140 0.1657375 0.2243000 0.2405140 0.0000010 0.4131635 0.1055252 0.1067802 0.1543838 0.1543838 0.1861802 0.4090583 0.1926875 0.2620397 0.1055252 0.1926875 0.5322401 0.5322401 0.2243000 0.1930431 0.1670309 0.1669346 0.1370500 0.1673165 0.0511435 0.0511435 0.0768354 0.2314007 0.2620397 0.2314007 0.2601998 0.1987334 0.2632465 0.1987334 0.1979833 0.1979833 0.2008579 0.2650774 0.2328678 0.2328678 0.0520350 0.1655258 0.1655258 0.1343465 0.5383532 0.2269193 0.2269193 0.2601998 0.2008579 0.1343465 0.2910736 0.2570835 0.1651158 0.1669806 0.1282912 0.2544975 0.2544975 0.2604719 0.0553412 0.2760174 0.0568657 0.0557983 0.1673165 0.4131635 0.2516541 0.2516541 0.4742539 0.4742539 0.1632427 0.1632427 0.1653478 0.1669806 0.5383532 0.1657375 0.1670309 0.1067802 0.1687277 0.5819090 0.4090583 0.1347336 0.1347336 0.1642661 0.2323862 0.1671064 0.1101391 0.1653478 0.1671064 0.1634183 0.1687277 0.1370500 0.2622421 0.2650774 0.1651522 0.1651522 0.1101391 
Yersinia_enterocolitica__GCA_963866955.1        0.2278442 0.0526262 0.2278442 0.0526262 0.0516492 0.1998774 0.1998774 0.1079575 0.0000010 0.2247914 0.0806957 0.0806957 0.0807724 0.1678651 0.1718342 0.1718342 0.1335041 0.1335041 0.0000000 0.0791776 0.0791776 0.2062547 0.0798698 0.0806957 0.2062547 0.0807724 0.1378273 0.1398678 0.1995393 0.1378273 0.0609115 0.4169155 0.1393658 0.0257452 0.1918493 0.1918493 0.2247914 0.4127153 0.2334395 0.2400042 0.1393658 0.2334395 0.5299989 0.5299989 0.1995393 0.1678651 0.0807430 0.0807022 0.0528667 0.1353269 0.0808133 0.0808133 0.1079575 0.2058145 0.2400042 0.2058145 0.1121903 0.1728098 0.1713092 0.1728098 0.1095498 0.1095498 0.1099769 0.1687721 0.1391033 0.1391033 0.0000010 0.1396370 0.1396370 0.1086359 0.5355484 0.2584376 0.2584376 0.1121903 0.1099769 0.1086359 0.2012030 0.2889882 0.0798698 0.0806957 0.1297165 0.2304715 0.2304715 0.2359787 0.0553497 0.2473989 0.0568746 0.0558068 0.1353269 0.4169155 0.2278442 0.2278442 0.4768079 0.4768079 0.0790396 0.0790396 0.0799159 0.0806957 0.5355484 0.1398678 0.0807430 0.0257452 0.0814586 0.5752013 0.4127153 0.1090061 0.1090061 0.0630475 0.1388608 0.0807724 0.0783429 0.0799159 0.0807724 0.0791385 0.0814586 0.0528667 0.2375469 0.1687721 0.0740105 0.0740105 0.0783429 
Yersinia_kristensenii__GCF_963866405.1          0.1681573 0.0807430 0.1681573 0.0807430 0.0261859 0.1401312 0.1401312 0.0261819 0.0791776 0.1927968 0.1100904 0.1100904 0.1101893 0.1353037 0.2051765 0.2051765 0.1045934 0.1045934 0.0791776 0.0000000 0.0000010 0.1712150 0.1089120 0.1100904 0.1712150 0.1101893 0.1690936 0.1059270 0.1676519 0.1690936 0.0609115 0.4204340 0.1089513 0.0526513 0.1598104 0.1598104 0.1927968 0.4217375 0.1720953 0.2052666 0.1089513 0.1720953 0.5428757 0.5428757 0.1676519 0.1353037 0.1101460 0.1100869 0.0811475 0.1658787 0.0526436 0.0526436 0.0261819 0.1728703 0.2052666 0.1728703 0.2037750 0.1393245 0.2062547 0.1393245 0.1401209 0.1401209 0.1406831 0.2012983 0.1707505 0.1707505 0.0000010 0.0541332 0.0541332 0.0263243 0.5487246 0.2658693 0.2658693 0.2037750 0.1406831 0.0263243 0.2364787 0.2974860 0.1089120 0.1100904 0.0944734 0.1700274 0.1700274 0.1739167 0.0270254 0.1732616 0.0277491 0.0272401 0.1658787 0.4204340 0.1681573 0.1681573 0.4872253 0.4872253 0.1077297 0.1077297 0.1089639 0.1100904 0.5487246 0.1059270 0.1101460 0.0526513 0.1111838 0.5895972 0.4217375 0.1393658 0.1393658 0.0971952 0.1704353 0.1101893 0.1066850 0.1089639 0.1101893 0.1078607 0.1111838 0.0811475 0.1749050 0.2012983 0.1089639 0.1089639 0.1066850 
Yersinia_kristensenii__GCF_963865855.1          0.1681573 0.0807430 0.1681573 0.0807430 0.0261859 0.1401312 0.1401312 0.0261819 0.0791776 0.1927968 0.1100904 0.1100904 0.1101893 0.1353037 0.2051765 0.2051765 0.1045934 0.1045934 0.0791776 0.0000010 0.0000000 0.1712150 0.1089120 0.1100904 0.1712150 0.1101893 0.1690936 0.1059270 0.1676519 0.1690936 0.0609115 0.4204340 0.1089513 0.0526513 0.1598104 0.1598104 0.1927968 0.4217375 0.1720953 0.2052666 0.1089513 0.1720953 0.5428757 0.5428757 0.1676519 0.1353037 0.1101460 0.1100869 0.0811475 0.1658787 0.0526436 0.0526436 0.0261819 0.1728703 0.2052666 0.1728703 0.2037750 0.1393245 0.2062547 0.1393245 0.1401209 0.1401209 0.1406831 0.2012983 0.1707505 0.1707505 0.0000010 0.0541332 0.0541332 0.0263243 0.5487246 0.2658693 0.2658693 0.2037750 0.1406831 0.0263243 0.2364787 0.2974860 0.1089120 0.1100904 0.0944734 0.1700274 0.1700274 0.1739167 0.0270254 0.1732616 0.0277491 0.0272401 0.1658787 0.4204340 0.1681573 0.1681573 0.4872253 0.4872253 0.1077297 0.1077297 0.1089639 0.1100904 0.5487246 0.1059270 0.1101460 0.0526513 0.1111838 0.5895972 0.4217375 0.1393658 0.1393658 0.0971952 0.1704353 0.1101893 0.1066850 0.1089639 0.1101893 0.1078607 0.1111838 0.0811475 0.1749050 0.2012983 0.1089639 0.1089639 0.1066850 
Yersinia_mollaretii__GCF_963867795.1            0.3189305 0.1730809 0.3189305 0.1730809 0.2062547 0.2804248 0.2804248 0.2062558 0.2062547 0.2922705 0.2067080 0.2067080 0.2068508 0.0800404 0.1735429 0.1735429 0.2291563 0.2291563 0.2062547 0.1712150 0.1712150 0.0000000 0.2041824 0.2067080 0.0000010 0.2068508 0.2713339 0.0531929 0.1089715 0.2713339 0.1302755 0.5924599 0.1424781 0.1747800 0.2328523 0.2328523 0.2922705 0.6075947 0.3191678 0.1387626 0.1424781 0.3191678 0.7432976 0.7432976 0.1089715 0.0800404 0.2067385 0.2066053 0.1656027 0.2025823 0.1747719 0.1747719 0.2062558 0.1397077 0.1387626 0.1397077 0.0736613 0.0258419 0.0260992 0.0258419 0.1105382 0.1105382 0.2415964 0.2415642 0.2090715 0.2090715 0.0524771 0.2041588 0.2041588 0.2172365 0.7514429 0.4235952 0.4235952 0.0736613 0.2415964 0.2172365 0.0523913 0.4574586 0.2041824 0.2067080 0.1305119 0.3144036 0.3144036 0.3230853 0.0555912 0.3548185 0.0571313 0.0560537 0.2025823 0.5924599 0.3103473 0.3103473 0.6684647 0.6684647 0.2016466 0.2016466 0.2041846 0.2067080 0.7514429 0.0531929 0.2067385 0.1747800 0.2090989 0.7937180 0.6075947 0.1752431 0.1752431 0.2115424 0.2086467 0.1741571 0.1990667 0.2041846 0.1741571 0.2018525 0.2090989 0.1656027 0.3259376 0.2415642 0.1424906 0.1424906 0.1990667 
Yersinia_enterocolitica__GCA_963867495.1        0.1974145 0.0259376 0.1974145 0.0259376 0.0798698 0.1694215 0.1694215 0.1393166 0.0798698 0.1948782 0.0530334 0.0530334 0.0530865 0.1680798 0.1413107 0.1413107 0.1651158 0.1651158 0.0798698 0.1089120 0.1089120 0.2041824 0.0000000 0.0530334 0.2041824 0.0530865 0.1088489 0.1400065 0.1998674 0.1088489 0.0609115 0.3483286 0.1100239 0.0530972 0.2273840 0.2273840 0.1948782 0.3446451 0.2021450 0.2393910 0.1100239 0.2021450 0.4561023 0.4561023 0.1998674 0.1680798 0.0530681 0.0530426 0.0531764 0.1069437 0.1112925 0.1112925 0.1393166 0.2075444 0.2393910 0.2075444 0.1691243 0.1730478 0.1710052 0.1730478 0.0810231 0.0810231 0.0813325 0.1389034 0.1098120 0.1098120 0.0000010 0.1406384 0.1406384 0.1402614 0.4609929 0.2277352 0.2277352 0.1691243 0.0813325 0.1402614 0.1994242 0.2581715 0.0000010 0.0530334 0.1297165 0.1996489 0.1996489 0.2043121 0.0553497 0.2095540 0.0568746 0.0558068 0.1069437 0.3483286 0.1974145 0.1974145 0.4079161 0.4079161 0.0519828 0.0519828 0.0525444 0.0530334 0.4609929 0.1400065 0.0530681 0.0530972 0.0535154 0.5013671 0.3446451 0.0806484 0.0806484 0.0309785 0.1096290 0.0530865 0.0515617 0.0525444 0.0530865 0.0520495 0.0535154 0.0531764 0.2055662 0.1389034 0.0525444 0.0525444 0.0515617 
Yersinia_enterocolitica__GCA_963869055.1        0.1997435 0.0261872 0.1997435 0.0261872 0.0806957 0.1713962 0.1713962 0.1408939 0.0806957 0.1971366 0.0535681 0.0535681 0.0536222 0.1700266 0.1429409 0.1429409 0.1669806 0.1669806 0.0806957 0.1100904 0.1100904 0.2067080 0.0530334 0.0000000 0.2067080 0.0536222 0.1100258 0.1416021 0.2022662 0.1100258 0.0609115 0.3884860 0.1112287 0.0536331 0.2302113 0.2302113 0.1971366 0.3844032 0.2046021 0.2424859 0.1112287 0.2046021 0.5037568 0.5037568 0.2022662 0.1700266 0.0536035 0.0535774 0.0537143 0.1080756 0.1125277 0.1125277 0.1408939 0.2101689 0.2424859 0.2101689 0.1711011 0.1751295 0.1730306 0.1751295 0.0818751 0.0818751 0.0821914 0.1404709 0.1110122 0.1110122 0.0000010 0.1422526 0.1422526 0.1418634 0.5092267 0.2304831 0.2304831 0.1711011 0.0821914 0.1418634 0.2018191 0.2613423 0.0530334 0.0000010 0.1297165 0.2020369 0.2020369 0.2068268 0.0553497 0.2126516 0.0568746 0.0558068 0.1080756 0.3884860 0.1997435 0.1997435 0.4510496 0.4510496 0.0524955 0.0524955 0.0530686 0.0535681 0.5092267 0.1416021 0.0536035 0.0536331 0.0540603 0.5502857 0.3844032 0.0814917 0.0814917 0.0313373 0.1108248 0.0536222 0.0520654 0.0530686 0.0536222 0.0525635 0.0540603 0.0537143 0.2081230 0.1404709 0.0530686 0.0530686 0.0520654 
Yersinia_mollaretii__GCF_963870125.1            0.3189305 0.1730809 0.3189305 0.1730809 0.2062547 0.2804248 0.2804248 0.2062558 0.2062547 0.2922705 0.2067080 0.2067080 0.2068508 0.0800404 0.1735429 0.1735429 0.2291563 0.2291563 0.2062547 0.1712150 0.1712150 0.0000010 0.2041824 0.2067080 0.0000000 0.2068508 0.2713339 0.0531929 0.1089715 0.2713339 0.1302755 0.5924599 0.1424781 0.1747800 0.2328523 0.2328523 0.2922705 0.6075947 0.3191678 0.1387626 0.1424781 0.3191678 0.7432976 0.7432976 0.1089715 0.0800404 0.2067385 0.2066053 0.1656027 0.2025823 0.1747719 0.1747719 0.2062558 0.1397077 0.1387626 0.1397077 0.0736613 0.0258419 0.0260992 0.0258419 0.1105382 0.1105382 0.2415964 0.2415642 0.2090715 0.2090715 0.0524771 0.2041588 0.2041588 0.2172365 0.7514429 0.4235952 0.4235952 0.0736613 0.2415964 0.2172365 0.0523913 0.4574586 0.2041824 0.2067080 0.1305119 0.3144036 0.3144036 0.3230853 0.0555912 0.3548185 0.0571313 0.0560537 0.2025823 0.5924599 0.3103473 0.3103473 0.6684647 0.6684647 0.2016466 0.2016466 0.2041846 0.2067080 0.7514429 0.0531929 0.2067385 0.1747800 0.2090989 0.7937180 0.6075947 0.1752431 0.1752431 0.2115424 0.2086467 0.1741571 0.1990667 0.2041846 0.1741571 0.2018525 0.2090989 0.1656027 0.3259376 0.2415642 0.1424906 0.1424906 0.1990667 
Yersinia_enterocolitica__GCA_963871375.1        0.1998794 0.0262147 0.1998794 0.0262147 0.0807724 0.1715272 0.1715272 0.0807388 0.0807724 0.1350718 0.0536222 0.0536222 0.0000010 0.1701563 0.1430621 0.1430621 0.1066779 0.1066779 0.0807724 0.1101893 0.1101893 0.2068508 0.0530865 0.0536222 0.2068508 0.0000000 0.1101246 0.1417213 0.2024046 0.1101246 0.0000010 0.3885376 0.0531015 0.0536874 0.1633397 0.1633397 0.1350718 0.3844593 0.1397027 0.2426309 0.0531015 0.1397027 0.4170264 0.4170264 0.2024046 0.1701563 0.0536577 0.0536315 0.0537688 0.1081713 0.0536665 0.0536665 0.0807388 0.2103147 0.2426309 0.2103147 0.1712323 0.1752653 0.1731640 0.1752653 0.0819539 0.0819539 0.0822707 0.1405886 0.1111127 0.1111127 0.0520350 0.1423730 0.1423730 0.1419830 0.4214260 0.1657307 0.1657307 0.1712323 0.0822707 0.1419830 0.2019576 0.1951340 0.0530865 0.0536222 0.1670355 0.2021748 0.2021748 0.2069689 0.0850368 0.2128219 0.0874473 0.0857697 0.1081713 0.3885376 0.1998794 0.1998794 0.3725724 0.3725724 0.0525476 0.0525476 0.0531218 0.0536222 0.4214260 0.1417213 0.0536577 0.0536874 0.0541154 0.4609235 0.3844593 0.0259560 0.0259560 0.0313763 0.1109249 0.0536765 0.0521166 0.0531218 0.0536765 0.0526157 0.0541154 0.0537688 0.2082664 0.1405886 0.0531218 0.0531218 0.0521166 
Yersinia_vastinensis__GCF_963882275.1           0.2613434 0.0806994 0.2613434 0.0806994 0.1378273 0.2331701 0.2331701 0.2017854 0.1378273 0.1972675 0.1100258 0.1100258 0.1101246 0.2353439 0.0802670 0.0802670 0.2405140 0.2405140 0.1378273 0.1690936 0.1690936 0.2713339 0.1088489 0.1100258 0.2713339 0.1101246 0.0000000 0.2029219 0.1933119 0.0000010 0.0609115 0.3439035 0.1709591 0.1101407 0.2940532 0.2940532 0.1972675 0.3403760 0.2680043 0.2694363 0.1709591 0.2680043 0.3933000 0.3933000 0.1933119 0.2353439 0.1100814 0.1100223 0.1103876 0.1367293 0.1730855 0.1730855 0.2017854 0.2003749 0.2694363 0.2003749 0.2331418 0.2389383 0.2358962 0.2389383 0.1400346 0.1400346 0.0790717 0.1347075 0.1066276 0.1066276 0.0000010 0.2040723 0.2040723 0.2033194 0.3973692 0.2925466 0.2925466 0.2331418 0.0790717 0.2033194 0.2703009 0.3235520 0.1088489 0.1100258 0.2108419 0.2644480 0.2644480 0.2709971 0.0553497 0.2895350 0.0568746 0.0558068 0.1367293 0.3439035 0.2613434 0.2613434 0.3837138 0.3837138 0.1076682 0.1076682 0.1089008 0.1100258 0.3973692 0.2029219 0.1100814 0.1101407 0.0520922 0.4360124 0.3403760 0.1392805 0.1392805 0.0971294 0.1347075 0.1101246 0.1119748 0.1089008 0.1101246 0.1077990 0.0520922 0.1103876 0.2729751 0.1347075 0.1089008 0.1089008 0.1119748 
Yersinia_bercovieri__GCF_963892745.1            0.2430913 0.1107031 0.2430913 0.1107031 0.1385372 0.2091506 0.2091506 0.1385239 0.1398678 0.2260602 0.1416021 0.1416021 0.1417213 0.0256423 0.1770633 0.1770633 0.1657375 0.1657375 0.1398678 0.1059270 0.1059270 0.0531929 0.1400065 0.1416021 0.0531929 0.1417213 0.2029219 0.0000000 0.0523746 0.2029219 0.0609115 0.5054568 0.0819559 0.1117391 0.1659677 0.1659677 0.2260602 0.5213283 0.2449422 0.1085672 0.0819559 0.2449422 0.6536276 0.6536276 0.0523746 0.0256423 0.1416598 0.1415784 0.1063700 0.1390519 0.1117260 0.1117260 0.1385239 0.0805279 0.1085672 0.0805279 0.0809118 0.0262392 0.0817276 0.0262392 0.1125382 0.1125382 0.1737992 0.1737774 0.1430737 0.1430737 0.0000010 0.1371178 0.1371178 0.1450932 0.6609236 0.3460689 0.3460689 0.0809118 0.1737992 0.1450932 0.1092451 0.3796121 0.1400065 0.1416021 0.0944734 0.2416086 0.2416086 0.2477836 0.0270254 0.2625482 0.0277491 0.0272401 0.1390519 0.5054568 0.2386762 0.2386762 0.5861897 0.5861897 0.1384066 0.1384066 0.1400557 0.1416021 0.6609236 0.0000010 0.1416598 0.1117391 0.1430912 0.7037082 0.5213283 0.1119594 0.1119594 0.1340873 0.1428151 0.1113474 0.1369215 0.1400557 0.1113474 0.1385690 0.1430912 0.1063700 0.2495833 0.1737774 0.1400557 0.1400557 0.1369215 
Yersinia_aleksiciae__GCF_963900485.1            0.2574015 0.1696080 0.2574015 0.1696080 0.2016666 0.2204156 0.2204156 0.2016660 0.1995393 0.2375301 0.2022662 0.2022662 0.2024046 0.0787486 0.1686683 0.1686683 0.2243000 0.2243000 0.1995393 0.1676519 0.1676519 0.1089715 0.1998674 0.2022662 0.1089715 0.2024046 0.1933119 0.0523746 0.0000000 0.1933119 0.0609115 0.4908678 0.1397692 0.1712301 0.1741466 0.1741466 0.2375301 0.5081297 0.2590418 0.1344770 0.1397692 0.2590418 0.5964611 0.5964611 0.0000010 0.0787486 0.2022993 0.2021731 0.1624755 0.1983527 0.1712215 0.1712215 0.2016660 0.0773775 0.1344770 0.0773775 0.1379416 0.0807368 0.1394134 0.0807368 0.1726813 0.1726813 0.1657570 0.1657375 0.1367105 0.1367105 0.0000010 0.1996681 0.1996681 0.2120221 0.6033685 0.3683870 0.3683870 0.1379416 0.1657570 0.2120221 0.1673343 0.4047298 0.1998674 0.2022662 0.1311268 0.2552189 0.2552189 0.2622869 0.0000010 0.2817483 0.0000010 0.0000010 0.1983527 0.4908678 0.2518832 0.2518832 0.5786756 0.5786756 0.1974579 0.1974579 0.1998745 0.2022662 0.6033685 0.0523746 0.2022993 0.1712301 0.1367262 0.6475920 0.5081297 0.1716655 0.1716655 0.2060997 0.1657375 0.1706344 0.1950181 0.1998745 0.1706344 0.1976570 0.1367262 0.1624755 0.2644040 0.1657375 0.1998745 0.1998745 0.1950181 
Yersinia_vastinensis__GCF_963900675.1           0.2613434 0.0806994 0.2613434 0.0806994 0.1378273 0.2331701 0.2331701 0.2017854 0.1378273 0.1972675 0.1100258 0.1100258 0.1101246 0.2353439 0.0802670 0.0802670 0.2405140 0.2405140 0.1378273 0.1690936 0.1690936 0.2713339 0.1088489 0.1100258 0.2713339 0.1101246 0.0000010 0.2029219 0.1933119 0.0000000 0.0609115 0.3439035 0.1709591 0.1101407 0.2940532 0.2940532 0.1972675 0.3403760 0.2680043 0.2694363 0.1709591 0.2680043 0.3933000 0.3933000 0.1933119 0.2353439 0.1100814 0.1100223 0.1103876 0.1367293 0.1730855 0.1730855 0.2017854 0.2003749 0.2694363 0.2003749 0.2331418 0.2389383 0.2358962 0.2389383 0.1400346 0.1400346 0.0790717 0.1347075 0.1066276 0.1066276 0.0000010 0.2040723 0.2040723 0.2033194 0.3973692 0.2925466 0.2925466 0.2331418 0.0790717 0.2033194 0.2703009 0.3235520 0.1088489 0.1100258 0.2108419 0.2644480 0.2644480 0.2709971 0.0553497 0.2895350 0.0568746 0.0558068 0.1367293 0.3439035 0.2613434 0.2613434 0.3837138 0.3837138 0.1076682 0.1076682 0.1089008 0.1100258 0.3973692 0.2029219 0.1100814 0.1101407 0.0520922 0.4360124 0.3403760 0.1392805 0.1392805 0.0971294 0.1347075 0.1101246 0.1119748 0.1089008 0.1101246 0.1077990 0.0520922 0.1103876 0.2729751 0.1347075 0.1089008 0.1089008 0.1119748 
Yersinia_intermedia__GCF_965119115.1            0.0609115 0.0609115 0.0609115 0.0609115 0.0609115 0.0609115 0.0609115 0.0000010 0.0609115 0.0000010 0.0609115 0.0609115 0.0000010 0.0609115 0.1302755 0.1302755 0.0000010 0.0000010 0.0609115 0.0609115 0.0609115 0.1302755 0.0609115 0.0609115 0.1302755 0.0000010 0.0609115 0.0609115 0.0609115 0.0609115 0.0000000 0.1287039 0.0000010 0.0609115 0.0000010 0.0000010 0.0000010 0.1287039 0.0000010 0.0609115 0.0000010 0.0000010 0.0609115 0.0609115 0.0609115 0.0609115 0.0609115 0.1283917 0.0609115 0.0609115 0.0000010 0.0000010 0.0000010 0.0609115 0.0609115 0.0609115 0.1302755 0.1302755 0.1302755 0.1302755 0.1302755 0.1302755 0.0609115 0.0609115 0.0609115 0.0609115 0.0609115 0.0609115 0.0609115 0.0609115 0.0609115 0.0000010 0.0000010 0.1302755 0.0609115 0.0609115 0.1302755 0.0000010 0.0609115 0.0609115 0.0609115 0.1253669 0.1253669 0.0609115 0.0609115 0.1047829 0.0609115 0.0609115 0.0609115 0.1287039 0.1224228 0.1224228 0.0609115 0.0609115 0.0609115 0.0609115 0.0609115 0.0609115 0.0609115 0.0609115 0.0609115 0.0609115 0.0609115 0.0609115 0.1287039 0.0000010 0.0000010 0.0988731 0.0609115 0.0609115 0.0609115 0.0609115 0.0609115 0.0609115 0.0609115 0.0609115 0.1332869 0.0609115 0.0609115 0.0609115 0.0609115 
