63
Yersinia_pseudotuberculosis__GCF_900460735.1 0.0000000 0.0627403 0.2001325 0.1721416 0.1508149 0.0413485 0.0413485 0.1589544 0.0517729 0.1499473 0.1508149 0.1589544 0.3189737 0.2001325 0.3088938 0.1163737 0.0102887 0.0102887 0.1285221 0.1278658 0.1163737 0.2220215 0.2220215 0.1721416 0.1285221 0.1499473 0.1501618 0.1505354 0.1505354 0.0954103 0.0954103 0.0627403 0.2436270 0.0736949 0.0736949 0.1271139 0.1271139 0.1705677 0.1932231 0.1710850 0.1932231 0.2193772 0.2354209 0.2318932 0.1049792 0.2075330 0.0000010 0.1501618 0.1278658 0.3189737 0.3274360 0.2581912 0.1989423 0.1049792 0.2318932 0.1061119 0.3274360 0.2436270 0.3159486 0.3088938 0.3159486 0.0838084 0.1061119 
Yersinia_rochesterensis__GCF_946902935.1     0.0627403 0.0000000 0.1549078 0.1738968 0.1297037 0.0206866 0.0206866 0.1605370 0.0310911 0.1500022 0.1297037 0.1605370 0.3191440 0.1549078 0.3090568 0.0735467 0.0519309 0.0519309 0.1285674 0.1068429 0.0735467 0.1989718 0.1989718 0.1738968 0.1285674 0.1500022 0.1279724 0.1294460 0.1294460 0.0310864 0.0310864 0.0000010 0.2209518 0.0737179 0.0737179 0.1062333 0.1062333 0.1722873 0.1706830 0.1728162 0.1706830 0.1966167 0.2122739 0.2091240 0.0841836 0.1847124 0.0379863 0.1279724 0.1068429 0.3191440 0.3276199 0.2581912 0.1723156 0.0841836 0.2091240 0.0850739 0.3276199 0.2209518 0.3161227 0.3090568 0.3161227 0.0845205 0.0850739 
Yersinia_pekkanenii__GCF_963868735.1         0.2001325 0.1549078 0.0000000 0.2736235 0.2355542 0.1545203 0.1545203 0.2590175 0.1657175 0.2808279 0.2355542 0.2590175 0.4154535 0.0000010 0.4062429 0.1406424 0.1877234 0.1877234 0.2590694 0.1637726 0.1406424 0.2999480 0.2999480 0.2736235 0.2590694 0.2808279 0.2576511 0.1873067 0.1873067 0.1200533 0.1200533 0.1549078 0.2930117 0.2000118 0.2000118 0.2348231 0.2348231 0.2709919 0.2690643 0.2718454 0.2690643 0.2686042 0.3141660 0.2813190 0.2106245 0.2849168 0.1303500 0.2576511 0.1637726 0.4154535 0.4418920 0.2914058 0.2145287 0.2106245 0.2813190 0.2133179 0.4418920 0.2930117 0.4308485 0.4062429 0.4308485 0.2116240 0.2133179 
Yersinia_bercovieri__GCF_963900425.1         0.1721416 0.1738968 0.2736235 0.0000000 0.1706791 0.1488877 0.1488877 0.0103312 0.1605063 0.1914620 0.1706791 0.0103312 0.2613750 0.2736235 0.2510193 0.1704764 0.1595111 0.1595111 0.1690641 0.1587783 0.1704764 0.0416972 0.0416972 0.0000010 0.1690641 0.1914620 0.1922531 0.1831934 0.1831934 0.1715398 0.1715398 0.1738968 0.1077301 0.1348598 0.1348598 0.1699424 0.1699424 0.0207106 0.1323718 0.0207656 0.1323718 0.0856187 0.0524849 0.0967821 0.1458739 0.1454357 0.1561674 0.1922531 0.1587783 0.2613750 0.2930540 0.2581912 0.1722049 0.1458739 0.0967821 0.1231743 0.2930540 0.1077301 0.3045093 0.2510193 0.3045093 0.1232111 0.1231743 
Yersinia_alsatica__GCF_963900355.1           0.1508149 0.1297037 0.2355542 0.1706791 0.0000000 0.1068639 0.1068639 0.1839920 0.1176900 0.0413286 0.0000010 0.1839920 0.2724256 0.2355542 0.2619828 0.1183116 0.1391202 0.1391202 0.0206219 0.1072829 0.1183116 0.1963716 0.1963716 0.1706791 0.0206219 0.0413286 0.0624706 0.0850075 0.0850075 0.1642858 0.1642858 0.1297037 0.1920626 0.0734700 0.0734700 0.0416101 0.0416101 0.1957552 0.2180964 0.1963580 0.2180964 0.1685815 0.2094416 0.1805952 0.0630091 0.2328900 0.1177114 0.0624706 0.1072829 0.2724256 0.2773170 0.2236458 0.2754366 0.0630091 0.1805952 0.0416425 0.2773170 0.1920626 0.2888318 0.2619828 0.2888318 0.0632555 0.0416425 
Yersinia_kristensenii__GCF_963870645.1       0.0413485 0.0206866 0.1545203 0.1488877 0.1068639 0.0000000 0.0000010 0.1359461 0.0102430 0.1271951 0.1068639 0.1359461 0.2937718 0.1545203 0.2835741 0.0733925 0.0308043 0.0308043 0.1059522 0.0844973 0.0733925 0.1984105 0.1984105 0.1488877 0.1059522 0.1271951 0.1276771 0.1066399 0.1066399 0.0524639 0.0524639 0.0206866 0.2203146 0.0520567 0.0520567 0.0840386 0.0840386 0.1475340 0.1702342 0.1479794 0.1702342 0.1960711 0.2116586 0.2085308 0.0624318 0.1842089 0.0251753 0.1276771 0.0844973 0.2937718 0.3013087 0.2581912 0.1989423 0.0624318 0.2085308 0.0630683 0.3013087 0.2203146 0.2898281 0.2835741 0.2898281 0.0626734 0.0630683 
Yersinia_kristensenii__GCF_963873565.1       0.0413485 0.0206866 0.1545203 0.1488877 0.1068639 0.0000010 0.0000000 0.1359461 0.0102430 0.1271951 0.1068639 0.1359461 0.2937718 0.1545203 0.2835741 0.0733925 0.0308043 0.0308043 0.1059522 0.0844973 0.0733925 0.1984105 0.1984105 0.1488877 0.1059522 0.1271951 0.1276771 0.1066399 0.1066399 0.0524639 0.0524639 0.0206866 0.2203146 0.0520567 0.0520567 0.0840386 0.0840386 0.1475340 0.1702342 0.1479794 0.1702342 0.1960711 0.2116586 0.2085308 0.0624318 0.1842089 0.0251753 0.1276771 0.0844973 0.2937718 0.3013087 0.2581912 0.1989423 0.0624318 0.2085308 0.0630683 0.3013087 0.2203146 0.2898281 0.2835741 0.2898281 0.0626734 0.0630683 
Yersinia_mollaretii__GCF_963887555.1         0.1589544 0.1605370 0.2590175 0.0103312 0.1839920 0.1359461 0.1359461 0.0000000 0.1474415 0.2047935 0.1839920 0.0000010 0.2599530 0.2590175 0.2496611 0.1574575 0.1465490 0.1465490 0.1822176 0.1458944 0.1574575 0.0526619 0.0526619 0.0103312 0.1822176 0.2047935 0.2056522 0.1699440 0.1699440 0.1584094 0.1584094 0.1605370 0.1197328 0.1476559 0.1476559 0.1831823 0.1831823 0.0102490 0.1200540 0.0102759 0.1200540 0.0973269 0.0636394 0.1086589 0.1587465 0.1328008 0.1400871 0.2056522 0.1458944 0.2599530 0.2913414 0.2581912 0.1442065 0.1587465 0.1086589 0.1358100 0.2913414 0.1197328 0.3027128 0.2496611 0.3027128 0.1358501 0.1358100 
Yersinia_kristensenii__GCF_963901205.1       0.0517729 0.0310911 0.1657175 0.1605063 0.1176900 0.0102430 0.0102430 0.1474415 0.0000000 0.1379115 0.1176900 0.1474415 0.3047135 0.1657175 0.2946265 0.0627949 0.0411435 0.0411435 0.1166780 0.0738054 0.0627949 0.2102112 0.2102112 0.1605063 0.1166780 0.1379115 0.1384368 0.0958229 0.0958229 0.0630690 0.0630690 0.0310911 0.2319693 0.0625668 0.0625668 0.0946658 0.0946658 0.1590428 0.1817230 0.1595242 0.1817230 0.2077202 0.2235354 0.2202091 0.0729426 0.1958654 0.0251753 0.1384368 0.0738054 0.3047135 0.3125958 0.2581912 0.1989423 0.0729426 0.2202091 0.0736954 0.3125958 0.2319693 0.3011834 0.2946265 0.3011834 0.0732282 0.0736954 
Yersinia_vastinensis__GCF_963900675.1        0.1499473 0.1500022 0.2808279 0.1914620 0.0413286 0.1271951 0.1271951 0.2047935 0.1379115 0.0000000 0.0413286 0.2047935 0.2498554 0.2808279 0.2392233 0.1623684 0.1383272 0.1383272 0.0205120 0.1512342 0.1623684 0.2170852 0.2170852 0.1914620 0.0205120 0.0000010 0.0621298 0.1284738 0.1284738 0.1843964 0.1843964 0.1500022 0.1908962 0.0730657 0.0730657 0.0620188 0.0620188 0.2163884 0.2382490 0.2170463 0.2382490 0.1675659 0.2300987 0.1795006 0.0834388 0.2530936 0.1164714 0.0621298 0.1512342 0.2498554 0.2651618 0.2236458 0.2981783 0.0834388 0.1795006 0.0620686 0.2651618 0.1908962 0.2766887 0.2392233 0.2766887 0.0837695 0.0620686 
Yersinia_alsatica__GCF_963901175.1           0.1508149 0.1297037 0.2355542 0.1706791 0.0000010 0.1068639 0.1068639 0.1839920 0.1176900 0.0413286 0.0000000 0.1839920 0.2724256 0.2355542 0.2619828 0.1183116 0.1391202 0.1391202 0.0206219 0.1072829 0.1183116 0.1963716 0.1963716 0.1706791 0.0206219 0.0413286 0.0624706 0.0850075 0.0850075 0.1642858 0.1642858 0.1297037 0.1920626 0.0734700 0.0734700 0.0416101 0.0416101 0.1957552 0.2180964 0.1963580 0.2180964 0.1685815 0.2094416 0.1805952 0.0630091 0.2328900 0.1177114 0.0624706 0.1072829 0.2724256 0.2773170 0.2236458 0.2754366 0.0630091 0.1805952 0.0416425 0.2773170 0.1920626 0.2888318 0.2619828 0.2888318 0.0632555 0.0416425 
Yersinia_mollaretii__GCF_963900165.1         0.1589544 0.1605370 0.2590175 0.0103312 0.1839920 0.1359461 0.1359461 0.0000010 0.1474415 0.2047935 0.1839920 0.0000000 0.2599530 0.2590175 0.2496611 0.1574575 0.1465490 0.1465490 0.1822176 0.1458944 0.1574575 0.0526619 0.0526619 0.0103312 0.1822176 0.2047935 0.2056522 0.1699440 0.1699440 0.1584094 0.1584094 0.1605370 0.1197328 0.1476559 0.1476559 0.1831823 0.1831823 0.0102490 0.1200540 0.0102759 0.1200540 0.0973269 0.0636394 0.1086589 0.1587465 0.1328008 0.1400871 0.2056522 0.1458944 0.2599530 0.2913414 0.2581912 0.1442065 0.1587465 0.1086589 0.1358100 0.2913414 0.1197328 0.3027128 0.2496611 0.3027128 0.1358501 0.1358100 
Yersinia_entomophaga__GCF_965137505.1        0.3189737 0.3191440 0.4154535 0.2613750 0.2724256 0.2937718 0.2937718 0.2599530 0.3047135 0.2498554 0.2724256 0.2599530 0.0000000 0.4154535 0.0102271 0.3396884 0.3057797 0.3057797 0.2489137 0.3284009 0.3396884 0.2974935 0.2974935 0.2613750 0.2489137 0.2498554 0.2845629 0.3405848 0.3405848 0.3423092 0.3423092 0.3191440 0.2710247 0.2505842 0.2505842 0.2629706 0.2629706 0.2711267 0.2980991 0.2719231 0.2980991 0.2479743 0.3106530 0.2599410 0.2611155 0.3136083 0.3323887 0.2845629 0.3284009 0.0000010 0.1621942 0.2581912 0.4653025 0.2611155 0.2599410 0.2368868 0.1621942 0.2710247 0.1731945 0.0102271 0.1731945 0.2832284 0.2368868 
Yersinia_pekkanenii__GCF_001244635.1         0.2001325 0.1549078 0.0000010 0.2736235 0.2355542 0.1545203 0.1545203 0.2590175 0.1657175 0.2808279 0.2355542 0.2590175 0.4154535 0.0000000 0.4062429 0.1406424 0.1877234 0.1877234 0.2590694 0.1637726 0.1406424 0.2999480 0.2999480 0.2736235 0.2590694 0.2808279 0.2576511 0.1873067 0.1873067 0.1200533 0.1200533 0.1549078 0.2930117 0.2000118 0.2000118 0.2348231 0.2348231 0.2709919 0.2690643 0.2718454 0.2690643 0.2686042 0.3141660 0.2813190 0.2106245 0.2849168 0.1303500 0.2576511 0.1637726 0.4154535 0.4418920 0.2914058 0.2145287 0.2106245 0.2813190 0.2133179 0.4418920 0.2930117 0.4308485 0.4062429 0.4308485 0.2116240 0.2133179 
Yersinia_nurmii__GCF_001112925.1             0.3088938 0.3090568 0.4062429 0.2510193 0.2619828 0.2835741 0.2835741 0.2496611 0.2946265 0.2392233 0.2619828 0.2496611 0.0102271 0.4062429 0.0000000 0.3298756 0.2956596 0.2956596 0.2383302 0.3184745 0.3298756 0.2873063 0.2873063 0.2510193 0.2383302 0.2392233 0.2741826 0.3307253 0.3307253 0.3324091 0.3324091 0.3090568 0.2607915 0.2399317 0.2399317 0.2523615 0.2523615 0.2609175 0.3081690 0.2616889 0.3081690 0.2376010 0.3005029 0.2496165 0.2505842 0.3237030 0.3203169 0.2741826 0.3184745 0.0102271 0.1516354 0.2581912 0.4653025 0.2505842 0.2496165 0.2262744 0.1516354 0.2607915 0.1626706 0.0000010 0.1626706 0.2728996 0.2262744 
Yersinia_aldovae__GCF_001091225.1            0.1163737 0.0735467 0.1406424 0.1704764 0.1183116 0.0733925 0.0733925 0.1574575 0.0627949 0.1623684 0.1183116 0.1574575 0.3396884 0.1406424 0.3298756 0.0000000 0.1050987 0.1050987 0.1407272 0.0311965 0.0000010 0.1949132 0.1949132 0.1704764 0.1407272 0.1623684 0.1400608 0.0525186 0.0525186 0.0627875 0.0627875 0.0735467 0.2163818 0.1061927 0.1061927 0.1180582 0.1180582 0.1689364 0.1917972 0.1694427 0.1917972 0.1926670 0.2078484 0.2048507 0.0956682 0.2059673 0.0769547 0.1400608 0.0311965 0.3396884 0.3487983 0.2236458 0.1909627 0.0956682 0.2048507 0.1179592 0.3487983 0.2163818 0.3600365 0.3298756 0.3600365 0.0960597 0.1179592 
Yersinia_wautersii__GCF_000493475.1          0.0102887 0.0519309 0.1877234 0.1595111 0.1391202 0.0308043 0.0308043 0.1465490 0.0411435 0.1383272 0.1391202 0.1465490 0.3057797 0.1877234 0.2956596 0.1050987 0.0000000 0.0000010 0.1170246 0.1164349 0.1050987 0.2088166 0.2088166 0.1595111 0.1170246 0.1383272 0.1385229 0.1388547 0.1388547 0.0842320 0.0842320 0.0519309 0.2304134 0.0627420 0.0627420 0.1157674 0.1157674 0.1580674 0.1805839 0.1585423 0.1805839 0.2063633 0.2220215 0.2187477 0.0938721 0.1946011 0.0000010 0.1385229 0.1164349 0.3057797 0.3137319 0.2581912 0.1989423 0.0938721 0.2187477 0.0948655 0.3137319 0.2304134 0.3022744 0.2956596 0.3022744 0.0728506 0.0948655 
Yersinia_wautersii__GCF_000493415.1          0.0102887 0.0519309 0.1877234 0.1595111 0.1391202 0.0308043 0.0308043 0.1465490 0.0411435 0.1383272 0.1391202 0.1465490 0.3057797 0.1877234 0.2956596 0.1050987 0.0000010 0.0000000 0.1170246 0.1164349 0.1050987 0.2088166 0.2088166 0.1595111 0.1170246 0.1383272 0.1385229 0.1388547 0.1388547 0.0842320 0.0842320 0.0519309 0.2304134 0.0627420 0.0627420 0.1157674 0.1157674 0.1580674 0.1805839 0.1585423 0.1805839 0.2063633 0.2220215 0.2187477 0.0938721 0.1946011 0.0000010 0.1385229 0.1164349 0.3057797 0.3137319 0.2581912 0.1989423 0.0938721 0.2187477 0.0948655 0.3137319 0.2304134 0.3022744 0.2956596 0.3022744 0.0728506 0.0948655 
Yersinia_frederiksenii__GCF_900460425.1      0.1285221 0.1285674 0.2590694 0.1690641 0.0206219 0.1059522 0.1059522 0.1822176 0.1166780 0.0205120 0.0206219 0.1822176 0.2489137 0.2590694 0.2383302 0.1407272 0.1170246 0.1170246 0.0000000 0.1296020 0.1407272 0.1944531 0.1944531 0.1690641 0.0000010 0.0205120 0.0619667 0.1069993 0.1069993 0.1627944 0.1627944 0.1285674 0.1902385 0.0521052 0.0521052 0.0412797 0.0412797 0.1938516 0.2159572 0.1944418 0.2159572 0.1670099 0.2073629 0.1788922 0.0624960 0.2305495 0.1036906 0.0619667 0.1296020 0.2489137 0.2532763 0.2236458 0.2754366 0.0624960 0.1788922 0.0413116 0.2532763 0.1902385 0.2648452 0.2383302 0.2648452 0.0627383 0.0413116 
Yersinia_aldovae__GCF_902168585.1            0.1278658 0.1068429 0.1637726 0.1587783 0.1072829 0.0844973 0.0844973 0.1458944 0.0738054 0.1512342 0.1072829 0.1458944 0.3284009 0.1637726 0.3184745 0.0311965 0.1164349 0.1164349 0.1296020 0.0000000 0.0311965 0.2077732 0.2077732 0.1587783 0.1296020 0.1512342 0.1518254 0.0206577 0.0206577 0.0957703 0.0957703 0.1068429 0.2292399 0.0953411 0.0953411 0.1070618 0.1070618 0.1573494 0.1930633 0.1578195 0.1930633 0.2053489 0.2208835 0.2176503 0.0848192 0.2073664 0.0905813 0.1518254 0.0000010 0.3284009 0.3518283 0.2236458 0.1936476 0.0848192 0.2176503 0.1069742 0.3518283 0.2292399 0.3631818 0.3184745 0.3631818 0.0851607 0.1069742 
Yersinia_aldovae__GCF_902168475.1            0.1163737 0.0735467 0.1406424 0.1704764 0.1183116 0.0733925 0.0733925 0.1574575 0.0627949 0.1623684 0.1183116 0.1574575 0.3396884 0.1406424 0.3298756 0.0000010 0.1050987 0.1050987 0.1407272 0.0311965 0.0000000 0.1949132 0.1949132 0.1704764 0.1407272 0.1623684 0.1400608 0.0525186 0.0525186 0.0627875 0.0627875 0.0735467 0.2163818 0.1061927 0.1061927 0.1180582 0.1180582 0.1689364 0.1917972 0.1694427 0.1917972 0.1926670 0.2078484 0.2048507 0.0956682 0.2059673 0.0769547 0.1400608 0.0311965 0.3396884 0.3487983 0.2236458 0.1909627 0.0956682 0.2048507 0.1179592 0.3487983 0.2163818 0.3600365 0.3298756 0.3600365 0.0960597 0.1179592 
Yersinia_aleksiciae__GCF_902168445.1         0.2220215 0.1989718 0.2999480 0.0416972 0.1963716 0.1984105 0.1984105 0.0526619 0.2102112 0.2170852 0.1963716 0.0526619 0.2974935 0.2999480 0.2873063 0.1949132 0.2088166 0.2088166 0.1944531 0.2077732 0.1949132 0.0000000 0.0000010 0.0416972 0.1944531 0.2170852 0.2166957 0.2092100 0.2092100 0.1961879 0.1961879 0.1989718 0.1082978 0.1831252 0.1831252 0.2190569 0.2190569 0.0633316 0.1558991 0.0635058 0.1558991 0.0860548 0.0102901 0.0972843 0.1941612 0.1694394 0.1713474 0.2166957 0.2077732 0.2974935 0.3307703 0.2581912 0.1460835 0.1941612 0.0972843 0.1711084 0.3307703 0.1082978 0.3421849 0.2873063 0.3421849 0.1711561 0.1711084 
Yersinia_aleksiciae__GCF_902168465.1         0.2220215 0.1989718 0.2999480 0.0416972 0.1963716 0.1984105 0.1984105 0.0526619 0.2102112 0.2170852 0.1963716 0.0526619 0.2974935 0.2999480 0.2873063 0.1949132 0.2088166 0.2088166 0.1944531 0.2077732 0.1949132 0.0000010 0.0000000 0.0416972 0.1944531 0.2170852 0.2166957 0.2092100 0.2092100 0.1961879 0.1961879 0.1989718 0.1082978 0.1831252 0.1831252 0.2190569 0.2190569 0.0633316 0.1558991 0.0635058 0.1558991 0.0860548 0.0102901 0.0972843 0.1941612 0.1694394 0.1713474 0.2166957 0.2077732 0.2974935 0.3307703 0.2581912 0.1460835 0.1941612 0.0972843 0.1711084 0.3307703 0.1082978 0.3421849 0.2873063 0.3421849 0.1711561 0.1711084 
Yersinia_bercovieri__GCF_902168545.1         0.1721416 0.1738968 0.2736235 0.0000010 0.1706791 0.1488877 0.1488877 0.0103312 0.1605063 0.1914620 0.1706791 0.0103312 0.2613750 0.2736235 0.2510193 0.1704764 0.1595111 0.1595111 0.1690641 0.1587783 0.1704764 0.0416972 0.0416972 0.0000000 0.1690641 0.1914620 0.1922531 0.1831934 0.1831934 0.1715398 0.1715398 0.1738968 0.1077301 0.1348598 0.1348598 0.1699424 0.1699424 0.0207106 0.1323718 0.0207656 0.1323718 0.0856187 0.0524849 0.0967821 0.1458739 0.1454357 0.1561674 0.1922531 0.1587783 0.2613750 0.2930540 0.2581912 0.1722049 0.1458739 0.0967821 0.1231743 0.2930540 0.1077301 0.3045093 0.2510193 0.3045093 0.1232111 0.1231743 
Yersinia_frederiksenii__GCF_902170525.1      0.1285221 0.1285674 0.2590694 0.1690641 0.0206219 0.1059522 0.1059522 0.1822176 0.1166780 0.0205120 0.0206219 0.1822176 0.2489137 0.2590694 0.2383302 0.1407272 0.1170246 0.1170246 0.0000010 0.1296020 0.1407272 0.1944531 0.1944531 0.1690641 0.0000000 0.0205120 0.0619667 0.1069993 0.1069993 0.1627944 0.1627944 0.1285674 0.1902385 0.0521052 0.0521052 0.0412797 0.0412797 0.1938516 0.2159572 0.1944418 0.2159572 0.1670099 0.2073629 0.1788922 0.0624960 0.2305495 0.1036906 0.0619667 0.1296020 0.2489137 0.2532763 0.2236458 0.2754366 0.0624960 0.1788922 0.0413116 0.2532763 0.1902385 0.2648452 0.2383302 0.2648452 0.0627383 0.0413116 
Yersinia_vastinensis__GCF_902170245.1        0.1499473 0.1500022 0.2808279 0.1914620 0.0413286 0.1271951 0.1271951 0.2047935 0.1379115 0.0000010 0.0413286 0.2047935 0.2498554 0.2808279 0.2392233 0.1623684 0.1383272 0.1383272 0.0205120 0.1512342 0.1623684 0.2170852 0.2170852 0.1914620 0.0205120 0.0000000 0.0621298 0.1284738 0.1284738 0.1843964 0.1843964 0.1500022 0.1908962 0.0730657 0.0730657 0.0620188 0.0620188 0.2163884 0.2382490 0.2170463 0.2382490 0.1675659 0.2300987 0.1795006 0.0834388 0.2530936 0.1164714 0.0621298 0.1512342 0.2498554 0.2651618 0.2236458 0.2981783 0.0834388 0.1795006 0.0620686 0.2651618 0.1908962 0.2766887 0.2392233 0.2766887 0.0837695 0.0620686 
Yersinia_hibernica__GCF_902170435.1          0.1501618 0.1279724 0.2576511 0.1922531 0.0624706 0.1276771 0.1276771 0.2056522 0.1384368 0.0621298 0.0624706 0.2056522 0.2845629 0.2576511 0.2741826 0.1400608 0.1385229 0.1385229 0.0619667 0.1518254 0.1400608 0.2166957 0.2166957 0.1922531 0.0619667 0.0621298 0.0000000 0.1509274 0.1509274 0.1620053 0.1620053 0.1279724 0.1905577 0.0941279 0.0941279 0.0622405 0.0622405 0.2172995 0.2148079 0.2179631 0.2148079 0.1672686 0.2296842 0.1791815 0.0837434 0.2292870 0.1170959 0.0000010 0.1518254 0.2845629 0.3104939 0.2236458 0.2713003 0.0837434 0.1791815 0.0622907 0.3104939 0.1905577 0.3217706 0.2741826 0.3217706 0.0840767 0.0622907 
Yersinia_intermedia__GCF_902170555.1         0.1505354 0.1294460 0.1873067 0.1831934 0.0850075 0.1066399 0.1066399 0.1699440 0.0958229 0.1284738 0.0850075 0.1699440 0.3405848 0.1873067 0.3307253 0.0525186 0.1388547 0.1388547 0.1069993 0.0206577 0.0525186 0.2092100 0.2092100 0.1831934 0.1069993 0.1284738 0.1509274 0.0000000 0.0000010 0.1181765 0.1181765 0.1294460 0.2045489 0.1176251 0.1176251 0.1064590 0.1064590 0.1815209 0.1918262 0.1820702 0.1918262 0.1809126 0.2224393 0.1930316 0.1070472 0.2060012 0.0905813 0.1509274 0.0206577 0.3405848 0.3361536 0.2236458 0.1936476 0.1070472 0.1930316 0.1295962 0.3361536 0.2045489 0.3474391 0.3307253 0.3474391 0.1074937 0.1295962 
Yersinia_intermedia__GCF_902170445.1         0.1505354 0.1294460 0.1873067 0.1831934 0.0850075 0.1066399 0.1066399 0.1699440 0.0958229 0.1284738 0.0850075 0.1699440 0.3405848 0.1873067 0.3307253 0.0525186 0.1388547 0.1388547 0.1069993 0.0206577 0.0525186 0.2092100 0.2092100 0.1831934 0.1069993 0.1284738 0.1509274 0.0000010 0.0000000 0.1181765 0.1181765 0.1294460 0.2045489 0.1176251 0.1176251 0.1064590 0.1064590 0.1815209 0.1918262 0.1820702 0.1918262 0.1809126 0.2224393 0.1930316 0.1070472 0.2060012 0.0905813 0.1509274 0.0206577 0.3405848 0.3361536 0.2236458 0.1936476 0.1070472 0.1930316 0.1295962 0.3361536 0.2045489 0.3474391 0.3307253 0.3474391 0.1074937 0.1295962 
Yersinia_thracica__GCF_902170565.1           0.0954103 0.0310864 0.1200533 0.1715398 0.1642858 0.0524639 0.0524639 0.1584094 0.0630690 0.1843964 0.1642858 0.1584094 0.3423092 0.1200533 0.3324091 0.0627875 0.0842320 0.0842320 0.1627944 0.0957703 0.0627875 0.1961879 0.1961879 0.1715398 0.1627944 0.1843964 0.1620053 0.1181765 0.1181765 0.0000000 0.0000010 0.0310864 0.2178298 0.1067496 0.1067496 0.1399231 0.1399231 0.1699776 0.1930254 0.1704911 0.1930254 0.1939067 0.2092454 0.2061985 0.1172912 0.2073361 0.0508647 0.1620053 0.0957703 0.3423092 0.3516195 0.2581912 0.1677910 0.1172912 0.2061985 0.1185970 0.3516195 0.2178298 0.3402011 0.3324091 0.3402011 0.1177830 0.1185970 
Yersinia_thracica__GCF_902170455.1           0.0954103 0.0310864 0.1200533 0.1715398 0.1642858 0.0524639 0.0524639 0.1584094 0.0630690 0.1843964 0.1642858 0.1584094 0.3423092 0.1200533 0.3324091 0.0627875 0.0842320 0.0842320 0.1627944 0.0957703 0.0627875 0.1961879 0.1961879 0.1715398 0.1627944 0.1843964 0.1620053 0.1181765 0.1181765 0.0000010 0.0000000 0.0310864 0.2178298 0.1067496 0.1067496 0.1399231 0.1399231 0.1699776 0.1930254 0.1704911 0.1930254 0.1939067 0.2092454 0.2061985 0.1172912 0.2073361 0.0508647 0.1620053 0.0957703 0.3423092 0.3516195 0.2581912 0.1677910 0.1172912 0.2061985 0.1185970 0.3516195 0.2178298 0.3402011 0.3324091 0.3402011 0.1177830 0.1185970 
Yersinia_rochesterensis__GCF_902170605.1     0.0627403 0.0000010 0.1549078 0.1738968 0.1297037 0.0206866 0.0206866 0.1605370 0.0310911 0.1500022 0.1297037 0.1605370 0.3191440 0.1549078 0.3090568 0.0735467 0.0519309 0.0519309 0.1285674 0.1068429 0.0735467 0.1989718 0.1989718 0.1738968 0.1285674 0.1500022 0.1279724 0.1294460 0.1294460 0.0310864 0.0310864 0.0000000 0.2209518 0.0737179 0.0737179 0.1062333 0.1062333 0.1722873 0.1706830 0.1728162 0.1706830 0.1966167 0.2122739 0.2091240 0.0841836 0.1847124 0.0379863 0.1279724 0.1068429 0.3191440 0.3276199 0.2581912 0.1723156 0.0841836 0.2091240 0.0850739 0.3276199 0.2209518 0.3161227 0.3090568 0.3161227 0.0845205 0.0850739 
Yersinia_massiliensis__GCF_902170615.1       0.2436270 0.2209518 0.2930117 0.1077301 0.1920626 0.2203146 0.2203146 0.1197328 0.2319693 0.1908962 0.1920626 0.1197328 0.2710247 0.2930117 0.2607915 0.2163818 0.2304134 0.2304134 0.1902385 0.2292399 0.2163818 0.1082978 0.1082978 0.1077301 0.1902385 0.1908962 0.1905577 0.2045489 0.2045489 0.2178298 0.2178298 0.2209518 0.0000000 0.2047231 0.2047231 0.2141821 0.2141821 0.1308447 0.1526911 0.1083387 0.1526911 0.0206171 0.1199748 0.0102580 0.2155615 0.1658617 0.1823055 0.1905577 0.2292399 0.2710247 0.2962425 0.2581912 0.1946005 0.2155615 0.0102580 0.1927714 0.2962425 0.0000010 0.3072991 0.2607915 0.3072991 0.1928222 0.1927714 
Yersinia_canariae__GCF_902170775.1           0.0736949 0.0737179 0.2000118 0.1348598 0.0734700 0.0520567 0.0520567 0.1476559 0.0625668 0.0730657 0.0734700 0.1476559 0.2505842 0.2000118 0.2399317 0.1061927 0.0627420 0.0627420 0.0521052 0.0953411 0.1061927 0.1831252 0.1831252 0.1348598 0.0521052 0.0730657 0.0941279 0.1176251 0.1176251 0.1067496 0.1067496 0.0737179 0.2047231 0.0000000 0.0000010 0.0515957 0.0515957 0.1592667 0.1819613 0.1597491 0.1819613 0.1810262 0.1959812 0.1931750 0.0306615 0.1961145 0.0641847 0.0941279 0.0953411 0.2505842 0.2826376 0.2581912 0.2262594 0.0306615 0.1931750 0.0309570 0.2826376 0.2047231 0.2944270 0.2399317 0.2944270 0.0307741 0.0309570 
Yersinia_canariae__GCF_902170705.1           0.0736949 0.0737179 0.2000118 0.1348598 0.0734700 0.0520567 0.0520567 0.1476559 0.0625668 0.0730657 0.0734700 0.1476559 0.2505842 0.2000118 0.2399317 0.1061927 0.0627420 0.0627420 0.0521052 0.0953411 0.1061927 0.1831252 0.1831252 0.1348598 0.0521052 0.0730657 0.0941279 0.1176251 0.1176251 0.1067496 0.1067496 0.0737179 0.2047231 0.0000010 0.0000000 0.0515957 0.0515957 0.1592667 0.1819613 0.1597491 0.1819613 0.1810262 0.1959812 0.1931750 0.0306615 0.1961145 0.0641847 0.0941279 0.0953411 0.2505842 0.2826376 0.2581912 0.2262594 0.0306615 0.1931750 0.0309570 0.2826376 0.2047231 0.2944270 0.2399317 0.2944270 0.0307741 0.0309570 
Yersinia_artesiana__GCF_902170805.1          0.1271139 0.1062333 0.2348231 0.1699424 0.0416101 0.0840386 0.0840386 0.1831823 0.0946658 0.0620188 0.0416101 0.1831823 0.2629706 0.2348231 0.2523615 0.1180582 0.1157674 0.1157674 0.0412797 0.1070618 0.1180582 0.2190569 0.2190569 0.1699424 0.0412797 0.0620188 0.0622405 0.1064590 0.1064590 0.1399231 0.1399231 0.1062333 0.2141821 0.0515957 0.0515957 0.0000000 0.0000010 0.1948864 0.1917084 0.1954834 0.1917084 0.1907334 0.2322313 0.2027770 0.0206529 0.2058421 0.1027012 0.0622405 0.1070618 0.2629706 0.2889500 0.2236458 0.2754366 0.0206529 0.2027770 0.0414912 0.2889500 0.2141821 0.3004101 0.2523615 0.3004101 0.0414474 0.0414912 
Yersinia_proxima__GCF_902170985.1            0.1271139 0.1062333 0.2348231 0.1699424 0.0416101 0.0840386 0.0840386 0.1831823 0.0946658 0.0620188 0.0416101 0.1831823 0.2629706 0.2348231 0.2523615 0.1180582 0.1157674 0.1157674 0.0412797 0.1070618 0.1180582 0.2190569 0.2190569 0.1699424 0.0412797 0.0620188 0.0622405 0.1064590 0.1064590 0.1399231 0.1399231 0.1062333 0.2141821 0.0515957 0.0515957 0.0000010 0.0000000 0.1948864 0.1917084 0.1954834 0.1917084 0.1907334 0.2322313 0.2027770 0.0206529 0.2058421 0.1027012 0.0622405 0.1070618 0.2629706 0.2889500 0.2236458 0.2754366 0.0206529 0.2027770 0.0414912 0.2889500 0.2141821 0.3004101 0.2523615 0.3004101 0.0414474 0.0414912 
Yersinia_mollaretii__GCF_902387525.1         0.1705677 0.1722873 0.2709919 0.0207106 0.1957552 0.1475340 0.1475340 0.0102490 0.1590428 0.2163884 0.1957552 0.0102490 0.2711267 0.2709919 0.2609175 0.1689364 0.1580674 0.1580674 0.1938516 0.1573494 0.1689364 0.0633316 0.0633316 0.0207106 0.1938516 0.2163884 0.2172995 0.1815209 0.1815209 0.1699776 0.1699776 0.1722873 0.1308447 0.1592667 0.1592667 0.1948864 0.1948864 0.0000000 0.1312151 0.0205992 0.1312151 0.1083493 0.0744063 0.1197456 0.1703295 0.1441420 0.1400871 0.2172995 0.1573494 0.2711267 0.3028868 0.2581912 0.1442065 0.1703295 0.1197456 0.1473773 0.3028868 0.1308447 0.3142078 0.2609175 0.3142078 0.1474201 0.1473773 
Yersinia_rohdei__GCF_001223385.1             0.1932231 0.1706830 0.2690643 0.1323718 0.2180964 0.1702342 0.1702342 0.1200540 0.1817230 0.2382490 0.2180964 0.1200540 0.2980991 0.2690643 0.3081690 0.1917972 0.1805839 0.1805839 0.2159572 0.1930633 0.1917972 0.1558991 0.1558991 0.1323718 0.2159572 0.2382490 0.2148079 0.1918262 0.1918262 0.1930254 0.1930254 0.1706830 0.1526911 0.1819613 0.1819613 0.1917084 0.1917084 0.1312151 0.0000000 0.1315959 0.0000010 0.1300890 0.1682638 0.1415785 0.1929209 0.0103503 0.1819014 0.2148079 0.1930633 0.2980991 0.2725529 0.2581912 0.0458384 0.1929209 0.1415785 0.1954052 0.2725529 0.1526911 0.2836416 0.3081690 0.2836416 0.1700810 0.1954052 
Yersinia_mollaretii__GCF_001149645.1         0.1710850 0.1728162 0.2718454 0.0207656 0.1963580 0.1479794 0.1479794 0.0102759 0.1595242 0.2170463 0.1963580 0.0102759 0.2719231 0.2718454 0.2616889 0.1694427 0.1585423 0.1585423 0.1944418 0.1578195 0.1694427 0.0635058 0.0635058 0.0207656 0.1944418 0.2170463 0.2179631 0.1820702 0.1820702 0.1704911 0.1704911 0.1728162 0.1083387 0.1597491 0.1597491 0.1954834 0.1954834 0.0205992 0.1315959 0.0000000 0.1315959 0.1086589 0.0746131 0.0973253 0.1708448 0.1445678 0.1549869 0.2179631 0.1578195 0.2719231 0.3038061 0.2581912 0.1442065 0.1708448 0.0973253 0.1478215 0.3038061 0.1083387 0.3151583 0.2616889 0.3151583 0.1478644 0.1478215 
Yersinia_rohdei__GCF_001152185.1             0.1932231 0.1706830 0.2690643 0.1323718 0.2180964 0.1702342 0.1702342 0.1200540 0.1817230 0.2382490 0.2180964 0.1200540 0.2980991 0.2690643 0.3081690 0.1917972 0.1805839 0.1805839 0.2159572 0.1930633 0.1917972 0.1558991 0.1558991 0.1323718 0.2159572 0.2382490 0.2148079 0.1918262 0.1918262 0.1930254 0.1930254 0.1706830 0.1526911 0.1819613 0.1819613 0.1917084 0.1917084 0.1312151 0.0000010 0.1315959 0.0000000 0.1300890 0.1682638 0.1415785 0.1929209 0.0103503 0.1819014 0.2148079 0.1930633 0.2980991 0.2725529 0.2581912 0.0458384 0.1929209 0.1415785 0.1954052 0.2725529 0.1526911 0.2836416 0.3081690 0.2836416 0.1700810 0.1954052 
Yersinia_massiliensis__GCF_001142305.1       0.2193772 0.1966167 0.2686042 0.0856187 0.1685815 0.1960711 0.1960711 0.0973269 0.2077202 0.1675659 0.1685815 0.0973269 0.2479743 0.2686042 0.2376010 0.1926670 0.2063633 0.2063633 0.1670099 0.2053489 0.1926670 0.0860548 0.0860548 0.0856187 0.1670099 0.1675659 0.1672686 0.1809126 0.1809126 0.1939067 0.1939067 0.1966167 0.0206171 0.1810262 0.1810262 0.1907334 0.1907334 0.1083493 0.1300890 0.1086589 0.1300890 0.0000000 0.0975039 0.0102839 0.1919324 0.1428742 0.1532023 0.1672686 0.2053489 0.2479743 0.2730004 0.2581912 0.1698550 0.1919324 0.0102839 0.1691630 0.2730004 0.0206171 0.2841345 0.2376010 0.2841345 0.1692098 0.1691630 
Yersinia_aleksiciae__GCF_001319845.1         0.2354209 0.2122739 0.3141660 0.0524849 0.2094416 0.2116586 0.2116586 0.0636394 0.2235354 0.2300987 0.2094416 0.0636394 0.3106530 0.3141660 0.3005029 0.2078484 0.2220215 0.2220215 0.2073629 0.2208835 0.2078484 0.0102901 0.0102901 0.0524849 0.2073629 0.2300987 0.2296842 0.2224393 0.2224393 0.2092454 0.2092454 0.2122739 0.1199748 0.1959812 0.1959812 0.2322313 0.2322313 0.0744063 0.1682638 0.0746131 0.1682638 0.0975039 0.0000000 0.1088679 0.2070443 0.1820952 0.1873214 0.2296842 0.2208835 0.3106530 0.3446447 0.2581912 0.1460835 0.2070443 0.1088679 0.1838473 0.3446447 0.1199748 0.3560770 0.3005029 0.3560770 0.1838975 0.1838473 
Yersinia_frederiksenii__GCF_001222845.1      0.2318932 0.2091240 0.2813190 0.0967821 0.1805952 0.2085308 0.2085308 0.1086589 0.2202091 0.1795006 0.1805952 0.1086589 0.2599410 0.2813190 0.2496165 0.2048507 0.2187477 0.2187477 0.1788922 0.2176503 0.2048507 0.0972843 0.0972843 0.0967821 0.1788922 0.1795006 0.1791815 0.1930316 0.1930316 0.2061985 0.2061985 0.2091240 0.0102580 0.1931750 0.1931750 0.2027770 0.2027770 0.1197456 0.1415785 0.0973253 0.1415785 0.0102839 0.1088679 0.0000000 0.2040703 0.1545827 0.1680536 0.1791815 0.2176503 0.2599410 0.2851227 0.2581912 0.1698550 0.2040703 0.0000010 0.1812416 0.2851227 0.0102580 0.2962425 0.2496165 0.2962425 0.1812906 0.1812416 
Yersinia_enterocolitica__GCF_001220145.1     0.1049792 0.0841836 0.2106245 0.1458739 0.0630091 0.0624318 0.0624318 0.1587465 0.0729426 0.0834388 0.0630091 0.1587465 0.2611155 0.2106245 0.2505842 0.0956682 0.0938721 0.0938721 0.0624960 0.0848192 0.0956682 0.1941612 0.1941612 0.1458739 0.0624960 0.0834388 0.0837434 0.1070472 0.1070472 0.1172912 0.1172912 0.0841836 0.2155615 0.0306615 0.0306615 0.0206529 0.0206529 0.1703295 0.1929209 0.1708448 0.1929209 0.1919324 0.2070443 0.2040703 0.0000000 0.2071808 0.0896763 0.0837434 0.0848192 0.2611155 0.3144263 0.2236458 0.2499431 0.0000010 0.2040703 0.0412642 0.3144263 0.2155615 0.3258839 0.2505842 0.3258839 0.0205191 0.0412642 
Yersinia_rohdei__GCF_000173775.1             0.2075330 0.1847124 0.2849168 0.1454357 0.2328900 0.1842089 0.1842089 0.1328008 0.1958654 0.2530936 0.2328900 0.1328008 0.3136083 0.2849168 0.3237030 0.2059673 0.1946011 0.1946011 0.2305495 0.2073664 0.2059673 0.1694394 0.1694394 0.1454357 0.2305495 0.2530936 0.2292870 0.2060012 0.2060012 0.2073361 0.2073361 0.1847124 0.1658617 0.1961145 0.1961145 0.2058421 0.2058421 0.1441420 0.0103503 0.1445678 0.0103503 0.1428742 0.1820952 0.1545827 0.2071808 0.0000000 0.1993787 0.2292870 0.2073664 0.3136083 0.2875609 0.2621043 0.0462733 0.2071808 0.1545827 0.2099324 0.2875609 0.1658617 0.2987627 0.3237030 0.2987627 0.1840259 0.2099324 
Yersinia_pestis__GCF_000324045.1             0.0000010 0.0379863 0.1303500 0.1561674 0.1177114 0.0251753 0.0251753 0.1400871 0.0251753 0.1164714 0.1177114 0.1400871 0.3323887 0.1303500 0.3203169 0.0769547 0.0000010 0.0000010 0.1036906 0.0905813 0.0769547 0.1713474 0.1713474 0.1561674 0.1036906 0.1164714 0.1170959 0.0905813 0.0905813 0.0508647 0.0508647 0.0379863 0.1823055 0.0641847 0.0641847 0.1027012 0.1027012 0.1400871 0.1819014 0.1549869 0.1819014 0.1532023 0.1873214 0.1680536 0.0896763 0.1993787 0.0000000 0.1170959 0.0905813 0.3323887 0.2959318 0.1743612 0.1989423 0.0896763 0.1680536 0.0908401 0.2959318 0.1823055 0.2959318 0.3203169 0.2959318 0.0638666 0.0908401 
Yersinia_hibernica__GCF_000597945.1          0.1501618 0.1279724 0.2576511 0.1922531 0.0624706 0.1276771 0.1276771 0.2056522 0.1384368 0.0621298 0.0624706 0.2056522 0.2845629 0.2576511 0.2741826 0.1400608 0.1385229 0.1385229 0.0619667 0.1518254 0.1400608 0.2166957 0.2166957 0.1922531 0.0619667 0.0621298 0.0000010 0.1509274 0.1509274 0.1620053 0.1620053 0.1279724 0.1905577 0.0941279 0.0941279 0.0622405 0.0622405 0.2172995 0.2148079 0.2179631 0.2148079 0.1672686 0.2296842 0.1791815 0.0837434 0.2292870 0.1170959 0.0000000 0.1518254 0.2845629 0.3104939 0.2236458 0.2713003 0.0837434 0.1791815 0.0622907 0.3104939 0.1905577 0.3217706 0.2741826 0.3217706 0.0840767 0.0622907 
Yersinia_aldovae__GCF_000834395.1            0.1278658 0.1068429 0.1637726 0.1587783 0.1072829 0.0844973 0.0844973 0.1458944 0.0738054 0.1512342 0.1072829 0.1458944 0.3284009 0.1637726 0.3184745 0.0311965 0.1164349 0.1164349 0.1296020 0.0000010 0.0311965 0.2077732 0.2077732 0.1587783 0.1296020 0.1512342 0.1518254 0.0206577 0.0206577 0.0957703 0.0957703 0.1068429 0.2292399 0.0953411 0.0953411 0.1070618 0.1070618 0.1573494 0.1930633 0.1578195 0.1930633 0.2053489 0.2208835 0.2176503 0.0848192 0.2073664 0.0905813 0.1518254 0.0000000 0.3284009 0.3518283 0.2236458 0.1936476 0.0848192 0.2176503 0.1069742 0.3518283 0.2292399 0.3631818 0.3184745 0.3631818 0.0851607 0.1069742 
Yersinia_entomophaga__GCF_001656035.1        0.3189737 0.3191440 0.4154535 0.2613750 0.2724256 0.2937718 0.2937718 0.2599530 0.3047135 0.2498554 0.2724256 0.2599530 0.0000010 0.4154535 0.0102271 0.3396884 0.3057797 0.3057797 0.2489137 0.3284009 0.3396884 0.2974935 0.2974935 0.2613750 0.2489137 0.2498554 0.2845629 0.3405848 0.3405848 0.3423092 0.3423092 0.3191440 0.2710247 0.2505842 0.2505842 0.2629706 0.2629706 0.2711267 0.2980991 0.2719231 0.2980991 0.2479743 0.3106530 0.2599410 0.2611155 0.3136083 0.3323887 0.2845629 0.3284009 0.0000000 0.1621942 0.2581912 0.4653025 0.2611155 0.2599410 0.2368868 0.1621942 0.2710247 0.1731945 0.0102271 0.1731945 0.2832284 0.2368868 
Yersinia_ruckeri__GCF_001883155.1            0.3274360 0.3276199 0.4418920 0.2930540 0.2773170 0.3013087 0.3013087 0.2913414 0.3125958 0.2651618 0.2773170 0.2913414 0.1621942 0.4418920 0.1516354 0.3487983 0.3137319 0.3137319 0.2532763 0.3518283 0.3487983 0.3307703 0.3307703 0.2930540 0.2532763 0.2651618 0.3104939 0.3361536 0.3361536 0.3516195 0.3516195 0.3276199 0.2962425 0.2826376 0.2826376 0.2889500 0.2889500 0.3028868 0.2725529 0.3038061 0.2725529 0.2730004 0.3446447 0.2851227 0.3144263 0.2875609 0.2959318 0.3104939 0.3518283 0.1621942 0.0000000 0.2581912 0.3828825 0.3144263 0.2851227 0.2680498 0.0000010 0.2962425 0.0102428 0.1516354 0.0102428 0.3161224 0.2680498 
Yersinia_frederiksenii__GCF_002192835.1      0.2581912 0.2581912 0.2914058 0.2581912 0.2236458 0.2581912 0.2581912 0.2581912 0.2581912 0.2236458 0.2236458 0.2581912 0.2581912 0.2914058 0.2581912 0.2236458 0.2581912 0.2581912 0.2236458 0.2236458 0.2236458 0.2581912 0.2581912 0.2581912 0.2236458 0.2236458 0.2236458 0.2236458 0.2236458 0.2581912 0.2581912 0.2581912 0.2581912 0.2581912 0.2581912 0.2236458 0.2236458 0.2581912 0.2581912 0.2581912 0.2581912 0.2581912 0.2581912 0.2581912 0.2236458 0.2621043 0.1743612 0.2236458 0.2236458 0.2581912 0.2581912 0.0000000 0.1048470 0.2236458 0.2581912 0.2581912 0.2581912 0.2581912 0.2581912 0.2581912 0.2581912 0.2236458 0.2581912 
Yersinia_rohdei__GCF_002192875.1             0.1989423 0.1723156 0.2145287 0.1722049 0.2754366 0.1989423 0.1989423 0.1442065 0.1989423 0.2981783 0.2754366 0.1442065 0.4653025 0.2145287 0.4653025 0.1909627 0.1989423 0.1989423 0.2754366 0.1936476 0.1909627 0.1460835 0.1460835 0.1722049 0.2754366 0.2981783 0.2713003 0.1936476 0.1936476 0.1677910 0.1677910 0.1723156 0.1946005 0.2262594 0.2262594 0.2754366 0.2754366 0.1442065 0.0458384 0.1442065 0.0458384 0.1698550 0.1460835 0.1698550 0.2499431 0.0462733 0.1989423 0.2713003 0.1936476 0.4653025 0.3828825 0.1048470 0.0000000 0.2499431 0.1698550 0.2520628 0.3828825 0.1946005 0.3828825 0.4653025 0.3828825 0.2499431 0.2520628 
Yersinia_enterocolitica__GCA_028855385.1     0.1049792 0.0841836 0.2106245 0.1458739 0.0630091 0.0624318 0.0624318 0.1587465 0.0729426 0.0834388 0.0630091 0.1587465 0.2611155 0.2106245 0.2505842 0.0956682 0.0938721 0.0938721 0.0624960 0.0848192 0.0956682 0.1941612 0.1941612 0.1458739 0.0624960 0.0834388 0.0837434 0.1070472 0.1070472 0.1172912 0.1172912 0.0841836 0.2155615 0.0306615 0.0306615 0.0206529 0.0206529 0.1703295 0.1929209 0.1708448 0.1929209 0.1919324 0.2070443 0.2040703 0.0000010 0.2071808 0.0896763 0.0837434 0.0848192 0.2611155 0.3144263 0.2236458 0.2499431 0.0000000 0.2040703 0.0412642 0.3144263 0.2155615 0.3258839 0.2505842 0.3258839 0.0205191 0.0412642 
Yersinia_massiliensis__GCF_013282765.1       0.2318932 0.2091240 0.2813190 0.0967821 0.1805952 0.2085308 0.2085308 0.1086589 0.2202091 0.1795006 0.1805952 0.1086589 0.2599410 0.2813190 0.2496165 0.2048507 0.2187477 0.2187477 0.1788922 0.2176503 0.2048507 0.0972843 0.0972843 0.0967821 0.1788922 0.1795006 0.1791815 0.1930316 0.1930316 0.2061985 0.2061985 0.2091240 0.0102580 0.1931750 0.1931750 0.2027770 0.2027770 0.1197456 0.1415785 0.0973253 0.1415785 0.0102839 0.1088679 0.0000010 0.2040703 0.1545827 0.1680536 0.1791815 0.2176503 0.2599410 0.2851227 0.2581912 0.1698550 0.2040703 0.0000000 0.1812416 0.2851227 0.0102580 0.2962425 0.2496165 0.2962425 0.1812906 0.1812416 
Yersinia_enterocolitica__GCA_028990795.1     0.1061119 0.0850739 0.2133179 0.1231743 0.0416425 0.0630683 0.0630683 0.1358100 0.0736954 0.0620686 0.0416425 0.1358100 0.2368868 0.2133179 0.2262744 0.1179592 0.0948655 0.0948655 0.0413116 0.1069742 0.1179592 0.1711084 0.1711084 0.1231743 0.0413116 0.0620686 0.0622907 0.1295962 0.1295962 0.1185970 0.1185970 0.0850739 0.1927714 0.0309570 0.0309570 0.0414912 0.0414912 0.1473773 0.1954052 0.1478215 0.1954052 0.1691630 0.1838473 0.1812416 0.0412642 0.2099324 0.0908401 0.0622907 0.1069742 0.2368868 0.2680498 0.2581912 0.2520628 0.0412642 0.1812416 0.0000000 0.2680498 0.1927714 0.2797332 0.2262744 0.2797332 0.0414190 0.0000010 
Yersinia_ruckeri__GCF_021399095.1            0.3274360 0.3276199 0.4418920 0.2930540 0.2773170 0.3013087 0.3013087 0.2913414 0.3125958 0.2651618 0.2773170 0.2913414 0.1621942 0.4418920 0.1516354 0.3487983 0.3137319 0.3137319 0.2532763 0.3518283 0.3487983 0.3307703 0.3307703 0.2930540 0.2532763 0.2651618 0.3104939 0.3361536 0.3361536 0.3516195 0.3516195 0.3276199 0.2962425 0.2826376 0.2826376 0.2889500 0.2889500 0.3028868 0.2725529 0.3038061 0.2725529 0.2730004 0.3446447 0.2851227 0.3144263 0.2875609 0.2959318 0.3104939 0.3518283 0.1621942 0.0000010 0.2581912 0.3828825 0.3144263 0.2851227 0.2680498 0.0000000 0.2962425 0.0102428 0.1516354 0.0102428 0.3161224 0.2680498 
Yersinia_massiliensis__GCF_020531815.1       0.2436270 0.2209518 0.2930117 0.1077301 0.1920626 0.2203146 0.2203146 0.1197328 0.2319693 0.1908962 0.1920626 0.1197328 0.2710247 0.2930117 0.2607915 0.2163818 0.2304134 0.2304134 0.1902385 0.2292399 0.2163818 0.1082978 0.1082978 0.1077301 0.1902385 0.1908962 0.1905577 0.2045489 0.2045489 0.2178298 0.2178298 0.2209518 0.0000010 0.2047231 0.2047231 0.2141821 0.2141821 0.1308447 0.1526911 0.1083387 0.1526911 0.0206171 0.1199748 0.0102580 0.2155615 0.1658617 0.1823055 0.1905577 0.2292399 0.2710247 0.2962425 0.2581912 0.1946005 0.2155615 0.0102580 0.1927714 0.2962425 0.0000000 0.3072991 0.2607915 0.3072991 0.1928222 0.1927714 
Yersinia_ruckeri__GCF_026130965.1            0.3159486 0.3161227 0.4308485 0.3045093 0.2888318 0.2898281 0.2898281 0.3027128 0.3011834 0.2766887 0.2888318 0.3027128 0.1731945 0.4308485 0.1626706 0.3600365 0.3022744 0.3022744 0.2648452 0.3631818 0.3600365 0.3421849 0.3421849 0.3045093 0.2648452 0.2766887 0.3217706 0.3474391 0.3474391 0.3402011 0.3402011 0.3161227 0.3072991 0.2944270 0.2944270 0.3004101 0.3004101 0.3142078 0.2836416 0.3151583 0.2836416 0.2841345 0.3560770 0.2962425 0.3258839 0.2987627 0.2959318 0.3217706 0.3631818 0.1731945 0.0102428 0.2581912 0.3828825 0.3258839 0.2962425 0.2797332 0.0102428 0.3072991 0.0000000 0.1626706 0.0000010 0.3276518 0.2797332 
